
   ·▄▄▄▄  ▄▄▄▄· .▄▄ ·▄▄▄▄▄▄▄▄ . ▄▄▄·
   ██▊ ██ ▐█ ▀█▊▐█ ▀.•██  ▀▄.▀·▐█ ▄█
   ▐█· ▐█▌▐█▀▀█▄▄▀▀▀█▄▐█.▊▐▀▀▊▄ ██▀·
   ██. ██ ██▄▊▐█▐█▄▊▐█▐█▌·▐█▄▄▌▐█▊·•
   ▀▀▀▀▀• ·▀▀▀▀  ▀▀▀▀ ▀▀▀  ▀▀▀ .▀   

   Buried volume (Vbur) will be computed
   Using a Cartesian grid-spacing of 0.0500 Angstrom
   Bondi atomic radii will be scaled by 1.07
   Hydrogen atoms are included

                  File   Atom    R/Å    Mol_Vol     %V_Bur     %S_Bur
   ------------------------------------------------------------------
     mol_0002_0001.xyz      1   3.50     267.80      42.45       0.00
     mol_0003_0001.xyz      1   3.50     261.88      31.35       0.00
     mol_0004_0001.xyz      1   3.50     298.02      32.29       0.00
     mol_0005_0001.xyz      1   3.50     284.29      42.21       0.00
     mol_0006_0001.xyz      1   3.50     309.52      31.00       0.00
     mol_0007_0001.xyz      1   3.50     325.73      42.73       0.00
     mol_0008_0001.xyz      1   3.50     250.70      32.74       0.00
     mol_0009_0001.xyz      1   3.50     445.95      36.25       0.00
     mol_0010_0001.xyz      1   3.50     304.89      34.53       0.00
     mol_0011_0001.xyz      1   3.50     335.22      32.71       0.00
     mol_0012_0001.xyz      1   3.50     278.24      41.89       0.00
     mol_0013_0001.xyz      1   3.50     372.23      38.84       0.00
     mol_0014_0001.xyz      1   3.50     337.14      37.59       0.00
     mol_0015_0001.xyz      1   3.50     321.63      41.62       0.00
     mol_0016_0001.xyz      1   3.50     315.84      34.58       0.00
     mol_0017_0001.xyz      1   3.50     388.35      32.21       0.00
     mol_0018_0001.xyz      1   3.50     307.76      30.23       0.00
     mol_0019_0001.xyz      1   3.50     322.73      45.63       0.00
     mol_0020_0001.xyz      1   3.50     339.43      40.00       0.00
     mol_0021_0001.xyz      1   3.50     303.45      45.97       0.00
     mol_0022_0001.xyz      1   3.50     346.43      40.39       0.00
     mol_0023_0001.xyz      1   3.50     366.48      38.22       0.00
     mol_0024_0001.xyz      1   3.50     206.32      35.98       0.00
     mol_0025_0001.xyz      1   3.50     276.84      37.70       0.00
     mol_0026_0001.xyz      1   3.50     294.03      45.07       0.00
     mol_0027_0001.xyz      1   3.50     312.05      45.40       0.00
     mol_0028_0001.xyz      1   3.50     193.32      33.42       0.00
     mol_0029_0001.xyz      1   3.50     318.04      33.82       0.00
     mol_0030_0001.xyz      1   3.50     438.81      32.23       0.00
     mol_0031_0001.xyz      1   3.50     279.61      43.39       0.00
     mol_0032_0001.xyz      1   3.50     308.30      41.55       0.00
     mol_0033_0001.xyz      1   3.50     383.17      32.00       0.00
     mol_0034_0001.xyz      1   3.50     421.57      39.26       0.00
     mol_0035_0001.xyz      1   3.50     314.02      34.01       0.00
     mol_0036_0001.xyz      1   3.50     300.61      43.77       0.00
     mol_0037_0001.xyz      1   3.50     370.71      40.50       0.00
     mol_0038_0001.xyz      1   3.50     322.75      43.01       0.00
     mol_0039_0001.xyz      1   3.50     332.92      47.49       0.00
     mol_0040_0001.xyz      1   3.50     198.05      28.50       0.00
     mol_0041_0001.xyz      1   3.50     265.11      52.92       0.00
     mol_0042_0001.xyz      1   3.50     292.10      46.06       0.00
     mol_0043_0001.xyz      1   3.50     406.49      45.47       0.00
     mol_0044_0001.xyz      1   3.50     340.34      40.38       0.00
     mol_0045_0001.xyz      1   3.50     225.58      40.72       0.00
     mol_0046_0001.xyz      1   3.50     324.18      45.05       0.00
     mol_0047_0001.xyz      1   3.50     342.74      41.85       0.00
     mol_0048_0001.xyz      1   3.50     253.67      42.12       0.00
     mol_0049_0001.xyz      1   3.50     312.29      40.70       0.00
     mol_0050_0001.xyz      1   3.50     342.94      39.50       0.00
     mol_0051_0001.xyz      1   3.50     329.87      44.28       0.00
     mol_0052_0001.xyz      1   3.50     328.41      34.59       0.00
     mol_0054_0001.xyz      1   3.50     318.14      36.31       0.00
     mol_0055_0001.xyz      1   3.50     334.49      36.18       0.00
     mol_0056_0001.xyz      1   3.50     293.78      36.26       0.00
     mol_0057_0001.xyz      1   3.50     222.37      32.55       0.00
     mol_0058_0001.xyz      1   3.50     333.41      51.96       0.00
     mol_0059_0001.xyz      1   3.50     332.54      32.23       0.00
     mol_0060_0001.xyz      1   3.50     255.08      36.99       0.00
     mol_0061_0001.xyz      1   3.50     222.58      44.59       0.00
     mol_0062_0001.xyz      1   3.50     217.90      40.71       0.00
     mol_0063_0001.xyz      1   3.50     315.87      47.13       0.00
     mol_0064_0001.xyz      1   3.50     379.00      30.14       0.00
     mol_0065_0001.xyz      1   3.50     390.86      39.62       0.00
     mol_0066_0001.xyz      1   3.50     331.35      33.82       0.00
     mol_0067_0001.xyz      1   3.50     429.01      33.69       0.00
     mol_0068_0001.xyz      1   3.50     321.19      44.22       0.00
     mol_0069_0001.xyz      1   3.50     348.80      34.63       0.00
     mol_0070_0001.xyz      1   3.50     323.47      40.66       0.00
     mol_0071_0001.xyz      1   3.50     344.58      49.54       0.00
     mol_0072_0001.xyz      1   3.50     374.51      38.00       0.00
     mol_0073_0001.xyz      1   3.50     302.06      48.40       0.00
     mol_0074_0001.xyz      1   3.50     305.84      34.48       0.00
     mol_0075_0001.xyz      1   3.50     312.92      40.65       0.00
     mol_0076_0001.xyz      1   3.50     301.23      42.21       0.00
     mol_0077_0001.xyz      1   3.50     340.33      36.00       0.00
     mol_0078_0001.xyz      1   3.50     292.33      35.58       0.00
     mol_0079_0001.xyz      1   3.50     307.86      37.95       0.00
     mol_0080_0001.xyz      1   3.50     321.29      37.40       0.00
     mol_0081_0001.xyz      1   3.50     377.19      46.88       0.00
     mol_0082_0001.xyz      1   3.50     348.62      43.35       0.00
     mol_0083_0001.xyz      1   3.50     305.00      37.40       0.00
     mol_0084_0001.xyz      1   3.50     358.13      30.19       0.00
     mol_0085_0001.xyz      1   3.50     338.13      39.15       0.00
     mol_0086_0001.xyz      1   3.50     315.70      49.62       0.00
     mol_0088_0001.xyz      1   3.50     248.46      42.89       0.00
     mol_0089_0001.xyz      1   3.50     255.25      43.49       0.00
     mol_0090_0001.xyz      1   3.50     336.45      37.64       0.00
     mol_0091_0001.xyz      1   3.50     326.39      32.24       0.00
     mol_0092_0001.xyz      1   3.50     326.02      38.43       0.00
     mol_0093_0001.xyz      1   3.50     245.32      39.88       0.00
     mol_0094_0001.xyz      1   3.50     337.69      33.15       0.00
     mol_0095_0001.xyz      1   3.50     326.20      35.50       0.00
     mol_0096_0001.xyz      1   3.50     318.06      34.63       0.00
     mol_0097_0001.xyz      1   3.50     334.19      41.08       0.00
     mol_0098_0001.xyz      1   3.50     317.92      30.82       0.00
     mol_0099_0001.xyz      1   3.50     408.01      32.22       0.00
     mol_0100_0001.xyz      1   3.50     331.40      34.97       0.00
     mol_0101_0001.xyz      1   3.50     416.83      33.36       0.00
     mol_0102_0001.xyz      1   3.50     287.56      37.11       0.00
     mol_0105_0001.xyz      1   3.50     317.83      34.64       0.00
     mol_0106_0001.xyz      1   3.50     288.40      36.11       0.00
     mol_0107_0001.xyz      1   3.50     232.83      46.38       0.00
     mol_0108_0001.xyz      1   3.50     417.36      36.17       0.00
     mol_0109_0001.xyz      1   3.50     283.25      44.88       0.00
     mol_0110_0001.xyz      1   3.50     394.43      32.23       0.00
     mol_0111_0001.xyz      1   3.50     337.72      32.47       0.00
     mol_0112_0001.xyz      1   3.50     380.46      46.54       0.00
     mol_0113_0001.xyz      1   3.50     414.90      37.35       0.00
     mol_0114_0001.xyz      1   3.50     445.60      37.96       0.00
     mol_0115_0001.xyz      1   3.50     301.29      38.66       0.00
     mol_0116_0001.xyz      1   3.50     326.08      37.58       0.00
     mol_0117_0001.xyz      1   3.50     338.70      32.76       0.00
     mol_0118_0001.xyz      1   3.50     302.73      36.33       0.00
     mol_0119_0001.xyz      1   3.50     297.43      41.08       0.00
     mol_0120_0001.xyz      1   3.50     328.81      50.76       0.00
     mol_0121_0001.xyz      1   3.50     265.69      35.17       0.00
     mol_0122_0001.xyz      1   3.50     181.09      34.21       0.00
     mol_0123_0001.xyz      1   3.50     334.37      35.14       0.00
     mol_0124_0001.xyz      1   3.50     213.72      34.16       0.00
     mol_0125_0001.xyz      1   3.50     327.13      31.79       0.00
     mol_0126_0001.xyz      1   3.50     347.24      49.11       0.00
     mol_0127_0001.xyz      1   3.50     425.71      32.29       0.00
     mol_0128_0001.xyz      1   3.50     343.98      43.43       0.00
     mol_0129_0001.xyz      1   3.50     319.39      44.83       0.00
     mol_0130_0001.xyz      1   3.50     384.73      55.79       0.00
     mol_0131_0001.xyz      1   3.50     310.70      45.35       0.00
     mol_0132_0001.xyz      1   3.50     400.47      37.88       0.00
     mol_0133_0001.xyz      1   3.50     277.61      42.50       0.00
     mol_0134_0001.xyz      1   3.50     336.78      41.71       0.00
     mol_0135_0001.xyz      1   3.50     304.05      32.07       0.00
     mol_0136_0001.xyz      1   3.50     209.69      35.70       0.00
     mol_0137_0001.xyz      1   3.50     303.99      33.56       0.00
     mol_0138_0001.xyz      1   3.50     208.42      45.58       0.00
     mol_0139_0001.xyz      1   3.50     250.85      37.33       0.00
     mol_0140_0001.xyz      1   3.50     234.67      33.97       0.00
     mol_0141_0001.xyz      1   3.50     313.46      32.68       0.00
     mol_0142_0001.xyz      1   3.50     322.74      39.22       0.00
     mol_0143_0001.xyz      1   3.50     263.88      46.95       0.00
     mol_0144_0001.xyz      1   3.50     311.16      35.80       0.00
     mol_0145_0001.xyz      1   3.50     253.08      32.31       0.00
     mol_0146_0001.xyz      1   3.50     303.59      34.24       0.00
     mol_0147_0001.xyz      1   3.50     305.40      40.28       0.00
     mol_0148_0001.xyz      1   3.50     324.84      41.76       0.00
     mol_0150_0001.xyz      1   3.50     355.60      40.11       0.00
     mol_0151_0001.xyz      1   3.50     261.37      44.50       0.00
     mol_0152_0001.xyz      1   3.50     419.52      47.17       0.00
     mol_0154_0001.xyz      1   3.50     310.59      33.16       0.00
     mol_0155_0001.xyz      1   3.50     316.49      33.58       0.00
     mol_0156_0001.xyz      1   3.50     313.87      35.69       0.00
     mol_0157_0001.xyz      1   3.50     279.20      33.29       0.00
     mol_0158_0001.xyz      1   3.50     315.27      34.63       0.00
     mol_0159_0001.xyz      1   3.50     330.29      42.71       0.00
     mol_0160_0001.xyz      1   3.50     247.77      38.37       0.00
     mol_0161_0001.xyz      1   3.50     367.39      32.24       0.00
     mol_0162_0001.xyz      1   3.50     393.79      41.67       0.00
     mol_0163_0001.xyz      1   3.50     378.39      38.15       0.00
     mol_0164_0001.xyz      1   3.50     351.51      45.74       0.00
     mol_0165_0001.xyz      1   3.50     388.89      45.79       0.00
     mol_0166_0001.xyz      1   3.50     301.04      32.18       0.00
     mol_0167_0001.xyz      1   3.50     269.07      40.49       0.00
     mol_0168_0001.xyz      1   3.50     300.43      45.06       0.00
     mol_0169_0001.xyz      1   3.50     374.18      33.58       0.00
     mol_0170_0001.xyz      1   3.50     316.19      43.43       0.00
     mol_0171_0001.xyz      1   3.50     336.92      30.47       0.00
     mol_0172_0001.xyz      1   3.50     277.49      31.74       0.00
     mol_0173_0001.xyz      1   3.50     253.87      41.14       0.00
     mol_0175_0001.xyz      1   3.50     318.82      38.91       0.00
     mol_0176_0001.xyz      1   3.50     358.40      33.16       0.00
     mol_0177_0001.xyz      1   3.50     288.18      38.30       0.00
     mol_0178_0001.xyz      1   3.50     260.70      51.35       0.00
     mol_0179_0001.xyz      1   3.50     239.40      43.09       0.00
     mol_0180_0001.xyz      1   3.50     384.01      32.27       0.00
     mol_0181_0001.xyz      1   3.50     340.23      31.77       0.00
     mol_0182_0001.xyz      1   3.50     267.93      34.74       0.00
     mol_0183_0001.xyz      1   3.50     247.07      39.53       0.00
     mol_0184_0001.xyz      1   3.50     322.05      47.38       0.00
     mol_0185_0001.xyz      1   3.50     262.37      32.85       0.00
     mol_0186_0001.xyz      1   3.50     398.57      34.69       0.00
     mol_0187_0001.xyz      1   3.50     402.42      32.21       0.00
     mol_0188_0001.xyz      1   3.50     297.38      33.17       0.00
     mol_0189_0001.xyz      1   3.50     339.14      28.32       0.00
     mol_0190_0001.xyz      1   3.50     321.59      30.14       0.00
     mol_0191_0001.xyz      1   3.50     372.06      39.20       0.00
     mol_0192_0001.xyz      1   3.50     260.39      38.46       0.00
     mol_0193_0001.xyz      1   3.50     348.03      36.41       0.00
     mol_0195_0001.xyz      1   3.50     385.63      44.26       0.00
     mol_0196_0001.xyz      1   3.50     297.79      40.00       0.00
     mol_0197_0001.xyz      1   3.50     337.81      36.83       0.00
     mol_0198_0001.xyz      1   3.50     234.62      42.03       0.00
     mol_0199_0001.xyz      1   3.50     333.38      33.23       0.00
     mol_0200_0001.xyz      1   3.50     271.23      28.41       0.00
     mol_0201_0001.xyz      1   3.50     282.98      43.68       0.00
     mol_0202_0001.xyz      1   3.50     325.71      47.56       0.00
     mol_0203_0001.xyz      1   3.50     347.74      47.42       0.00
     mol_0204_0001.xyz      1   3.50     333.39      42.18       0.00
     mol_0205_0001.xyz      1   3.50     378.64      35.71       0.00
     mol_0206_0001.xyz      1   3.50     404.11      51.62       0.00
     mol_0207_0001.xyz      1   3.50     248.36      31.36       0.00
     mol_0208_0001.xyz      1   3.50     284.60      35.14       0.00
     mol_0209_0001.xyz      1   3.50     346.18      45.22       0.00
     mol_0210_0001.xyz      1   3.50     335.98      31.95       0.00
     mol_0211_0001.xyz      1   3.50     286.52      41.46       0.00
     mol_0212_0001.xyz      1   3.50     297.75      34.28       0.00
     mol_0213_0001.xyz      1   3.50     346.09      43.64       0.00
     mol_0214_0001.xyz      1   3.50     336.89      32.84       0.00
     mol_0215_0001.xyz      1   3.50     237.27      32.66       0.00
     mol_0216_0001.xyz      1   3.50     343.22      40.57       0.00
     mol_0217_0001.xyz      1   3.50     233.94      37.60       0.00
     mol_0218_0001.xyz      1   3.50     336.15      35.27       0.00
     mol_0219_0001.xyz      1   3.50     347.70      32.49       0.00
     mol_0220_0001.xyz      1   3.50     297.01      49.79       0.00
     mol_0221_0001.xyz      1   3.50     261.97      32.37       0.00
     mol_0222_0001.xyz      1   3.50     385.48      37.60       0.00
     mol_0223_0001.xyz      1   3.50     359.25      38.75       0.00
     mol_0224_0001.xyz      1   3.50     319.95      37.86       0.00
     mol_0225_0001.xyz      1   3.50     416.32      32.71       0.00
     mol_0226_0001.xyz      1   3.50     356.66      42.01       0.00
     mol_0227_0001.xyz      1   3.50     325.86      34.82       0.00
     mol_0228_0001.xyz      1   3.50     339.84      36.67       0.00
     mol_0229_0001.xyz      1   3.50     283.08      35.25       0.00
     mol_0230_0001.xyz      1   3.50     263.27      36.10       0.00
     mol_0231_0001.xyz      1   3.50     378.42      39.24       0.00
     mol_0232_0001.xyz      1   3.50     400.57      25.35       0.00
     mol_0233_0001.xyz      1   3.50     398.38      36.46       0.00
     mol_0234_0001.xyz      1   3.50     244.37      31.16       0.00
     mol_0235_0001.xyz      1   3.50     304.55      54.49       0.00
     mol_0236_0001.xyz      1   3.50     332.08      43.79       0.00
     mol_0237_0001.xyz      1   3.50     397.89      35.02       0.00
     mol_0238_0001.xyz      1   3.50     298.88      33.87       0.00
     mol_0239_0001.xyz      1   3.50     372.89      36.24       0.00
     mol_0240_0001.xyz      1   3.50     266.34      35.65       0.00
     mol_0241_0001.xyz      1   3.50     387.10      45.50       0.00
     mol_0242_0001.xyz      1   3.50     322.27      39.10       0.00
     mol_0243_0001.xyz      1   3.50     256.93      33.57       0.00
     mol_0244_0001.xyz      1   3.50     335.45      32.25       0.00
     mol_0245_0001.xyz      1   3.50     374.93      37.86       0.00
     mol_0246_0001.xyz      1   3.50     308.24      40.30       0.00
     mol_0247_0001.xyz      1   3.50     405.75      34.65       0.00
     mol_0248_0001.xyz      1   3.50     214.45      38.68       0.00
     mol_0249_0001.xyz      1   3.50     186.89      36.35       0.00
     mol_0250_0001.xyz      1   3.50     329.94      39.03       0.00
     mol_0251_0001.xyz      1   3.50     369.23      49.17       0.00
     mol_0252_0001.xyz      1   3.50     309.68      38.39       0.00
     mol_0253_0001.xyz      1   3.50     258.04      39.58       0.00
     mol_0254_0001.xyz      1   3.50     438.81      32.22       0.00
     mol_0255_0001.xyz      1   3.50     366.86      51.93       0.00
     mol_0256_0001.xyz      1   3.50     299.51      32.71       0.00
     mol_0257_0001.xyz      1   3.50     293.21      33.46       0.00
     mol_0258_0001.xyz      1   3.50     352.11      48.90       0.00
     mol_0259_0001.xyz      1   3.50     340.40      43.94       0.00
     mol_0260_0001.xyz      1   3.50     258.69      39.27       0.00
     mol_0261_0001.xyz      1   3.50     306.27      32.21       0.00
     mol_0262_0001.xyz      1   3.50     320.10      32.53       0.00
     mol_0263_0001.xyz      1   3.50     250.44      29.42       0.00
     mol_0264_0001.xyz      1   3.50     356.54      34.57       0.00
     mol_0265_0001.xyz      1   3.50     264.59      34.25       0.00
     mol_0266_0001.xyz      1   3.50     288.11      35.65       0.00
     mol_0267_0001.xyz      1   3.50     357.10      35.98       0.00
     mol_0268_0001.xyz      1   3.50     240.03      31.36       0.00
     mol_0269_0001.xyz      1   3.50     292.74      32.95       0.00
     mol_0270_0001.xyz      1   3.50     279.42      24.46       0.00
     mol_0271_0001.xyz      1   3.50     279.96      32.29       0.00
     mol_0272_0001.xyz      1   3.50     283.30      33.45       0.00
     mol_0273_0001.xyz      1   3.50     359.35      39.27       0.00
     mol_0275_0001.xyz      1   3.50     230.55      45.14       0.00
     mol_0276_0001.xyz      1   3.50     340.87      49.51       0.00
     mol_0277_0001.xyz      1   3.50     405.83      33.04       0.00
     mol_0279_0001.xyz      1   3.50     327.31      31.86       0.00
     mol_0280_0001.xyz      1   3.50     235.30      29.87       0.00
     mol_0281_0001.xyz      1   3.50     229.38      39.34       0.00
     mol_0282_0001.xyz      1   3.50     340.18      45.66       0.00
     mol_0283_0001.xyz      1   3.50     327.36      34.00       0.00
     mol_0284_0001.xyz      1   3.50     260.39      33.64       0.00
     mol_0285_0001.xyz      1   3.50     278.83      31.37       0.00
     mol_0286_0001.xyz      1   3.50     298.08      46.61       0.00
     mol_0287_0001.xyz      1   3.50     289.22      32.55       0.00
     mol_0288_0001.xyz      1   3.50     414.14      43.17       0.00
     mol_0289_0001.xyz      1   3.50     252.39      38.75       0.00
     mol_0290_0001.xyz      1   3.50     280.22      36.34       0.00
     mol_0291_0001.xyz      1   3.50     295.61      41.36       0.00
     mol_0292_0001.xyz      1   3.50     371.03      41.26       0.00
     mol_0293_0001.xyz      1   3.50     240.70      34.62       0.00
     mol_0294_0001.xyz      1   3.50     190.32      34.76       0.00
     mol_0295_0001.xyz      1   3.50     252.77      35.27       0.00
     mol_0296_0001.xyz      1   3.50     250.54      33.76       0.00
     mol_0297_0001.xyz      1   3.50     332.46      40.07       0.00
     mol_0298_0001.xyz      1   3.50     227.39      39.72       0.00
     mol_0299_0001.xyz      1   3.50     291.57      42.41       0.00
     mol_0300_0001.xyz      1   3.50     315.17      45.90       0.00
     mol_0301_0001.xyz      1   3.50     360.52      48.00       0.00
     mol_0302_0001.xyz      1   3.50     391.88      34.65       0.00
     mol_0303_0001.xyz      1   3.50     379.74      34.62       0.00
     mol_0304_0001.xyz      1   3.50     363.54      30.23       0.00
     mol_0305_0001.xyz      1   3.50     429.93      41.09       0.00
     mol_0306_0001.xyz      1   3.50     328.22      35.34       0.00
     mol_0307_0001.xyz      1   3.50     297.23      34.73       0.00
     mol_0308_0001.xyz      1   3.50     307.08      37.66       0.00
     mol_0309_0001.xyz      1   3.50     419.26      49.38       0.00
     mol_0310_0001.xyz      1   3.50     360.83      32.21       0.00
     mol_0311_0001.xyz      1   3.50     325.32      43.05       0.00
     mol_0312_0001.xyz      1   3.50     362.67      25.85       0.00
     mol_0313_0001.xyz      1   3.50     287.77      32.66       0.00
     mol_0314_0001.xyz      1   3.50     276.67      37.35       0.00
     mol_0315_0001.xyz      1   3.50     287.82      32.29       0.00
     mol_0316_0001.xyz      1   3.50     332.28      40.33       0.00
     mol_0317_0001.xyz      1   3.50     338.51      38.88       0.00
     mol_0318_0001.xyz      1   3.50     366.94      32.08       0.00
     mol_0319_0001.xyz      1   3.50     266.18      37.99       0.00
     mol_0320_0001.xyz      1   3.50     259.09      47.57       0.00
     mol_0321_0001.xyz      1   3.50     372.46      37.32       0.00
     mol_0322_0001.xyz      1   3.50     329.56      51.33       0.00
     mol_0323_0001.xyz      1   3.50     293.46      31.59       0.00
     mol_0324_0001.xyz      1   3.50     332.83      32.23       0.00
     mol_0325_0001.xyz      1   3.50     257.27      33.26       0.00
     mol_0326_0001.xyz      1   3.50     337.52      42.10       0.00
     mol_0327_0001.xyz      1   3.50     396.11      45.19       0.00
     mol_0328_0001.xyz      1   3.50     252.02      31.23       0.00
     mol_0329_0001.xyz      1   3.50     310.98      31.89       0.00
     mol_0330_0001.xyz      1   3.50     382.61      41.71       0.00
     mol_0331_0001.xyz      1   3.50     387.50      32.07       0.00
     mol_0332_0001.xyz      1   3.50     213.26      44.20       0.00
     mol_0333_0001.xyz      1   3.50     309.54      40.00       0.00
     mol_0334_0001.xyz      1   3.50     230.73      43.34       0.00
     mol_0335_0001.xyz      1   3.50     311.16      44.60       0.00
     mol_0336_0001.xyz      1   3.50     418.75      32.22       0.00
     mol_0337_0001.xyz      1   3.50     295.96      38.89       0.00
     mol_0338_0001.xyz      1   3.50     327.64      38.81       0.00
     mol_0339_0001.xyz      1   3.50     386.13      42.64       0.00
     mol_0340_0001.xyz      1   3.50     258.55      37.29       0.00
     mol_0341_0001.xyz      1   3.50     280.85      45.48       0.00
     mol_0342_0001.xyz      1   3.50     333.00      32.90       0.00
     mol_0343_0001.xyz      1   3.50     283.61      37.45       0.00
     mol_0344_0001.xyz      1   3.50     301.40      42.76       0.00
     mol_0345_0001.xyz      1   3.50     278.11      39.35       0.00
     mol_0346_0001.xyz      1   3.50     383.80      34.59       0.00
     mol_0347_0001.xyz      1   3.50     227.38      34.22       0.00
     mol_0348_0001.xyz      1   3.50     361.66      37.96       0.00
     mol_0349_0001.xyz      1   3.50     358.41      32.24       0.00
     mol_0350_0001.xyz      1   3.50     300.16      42.00       0.00
     mol_0351_0001.xyz      1   3.50     180.39      37.04       0.00
     mol_0352_0001.xyz      1   3.50     351.02      32.69       0.00
     mol_0353_0001.xyz      1   3.50     344.04      34.58       0.00
     mol_0354_0001.xyz      1   3.50     442.25      40.73       0.00
     mol_0355_0001.xyz      1   3.50     321.44      43.61       0.00
     mol_0356_0001.xyz      1   3.50     315.47      34.66       0.00
     mol_0357_0001.xyz      1   3.50     317.18      33.49       0.00
     mol_0358_0001.xyz      1   3.50     327.89      34.01       0.00
     mol_0359_0001.xyz      1   3.50     314.18      32.26       0.00
     mol_0360_0001.xyz      1   3.50     369.38      37.73       0.00
     mol_0361_0001.xyz      1   3.50     218.50      34.56       0.00
     mol_0362_0001.xyz      1   3.50     387.52      32.21       0.00
     mol_0363_0001.xyz      1   3.50     349.00      34.72       0.00
     mol_0364_0001.xyz      1   3.50     364.33      37.15       0.00
     mol_0365_0001.xyz      1   3.50     354.03      30.17       0.00
     mol_0366_0001.xyz      1   3.50     365.16      35.69       0.00
     mol_0367_0001.xyz      1   3.50     348.65      39.05       0.00
     mol_0368_0001.xyz      1   3.50     345.12      50.91       0.00
     mol_0369_0001.xyz      1   3.50     235.72      30.23       0.00
     mol_0370_0001.xyz      1   3.50     278.50      37.28       0.00
     mol_0371_0001.xyz      1   3.50     313.25      42.43       0.00
     mol_0372_0001.xyz      1   3.50     332.61      43.14       0.00
     mol_0373_0001.xyz      1   3.50     325.68      34.58       0.00
     mol_0374_0001.xyz      1   3.50     316.15      48.17       0.00
     mol_0375_0001.xyz      1   3.50     355.98      30.42       0.00
     mol_0377_0001.xyz      1   3.50     347.26      44.21       0.00
     mol_0378_0001.xyz      1   3.50     265.65      45.34       0.00
     mol_0379_0001.xyz      1   3.50     250.62      44.01       0.00
     mol_0380_0001.xyz      1   3.50     280.41      35.80       0.00
     mol_0381_0001.xyz      1   3.50     325.81      34.60       0.00
     mol_0382_0001.xyz      1   3.50     327.60      38.66       0.00
     mol_0383_0001.xyz      1   3.50     237.31      28.93       0.00
     mol_0384_0001.xyz      1   3.50     318.12      38.30       0.00
     mol_0385_0001.xyz      1   3.50     303.52      38.98       0.00
     mol_0386_0001.xyz      1   3.50     183.26      33.23       0.00
     mol_0387_0001.xyz      1   3.50     338.40      34.63       0.00
     mol_0388_0001.xyz      1   3.50     340.02      32.18       0.00
     mol_0389_0001.xyz      1   3.50     320.15      37.58       0.00
     mol_0390_0001.xyz      1   3.50     332.16      38.52       0.00
     mol_0391_0001.xyz      1   3.50     283.48      44.13       0.00
     mol_0392_0001.xyz      1   3.50     364.17      33.52       0.00
     mol_0393_0001.xyz      1   3.50     297.74      39.03       0.00
     mol_0394_0001.xyz      1   3.50     366.52      39.39       0.00
     mol_0395_0001.xyz      1   3.50     383.21      39.31       0.00
     mol_0396_0001.xyz      1   3.50     320.76      41.94       0.00
     mol_0397_0001.xyz      1   3.50     346.59      31.95       0.00
     mol_0398_0001.xyz      1   3.50     290.45      44.32       0.00
     mol_0399_0001.xyz      1   3.50     321.07      32.29       0.00
     mol_0400_0001.xyz      1   3.50     348.12      41.20       0.00
     mol_0401_0001.xyz      1   3.50     291.97      32.21       0.00
     mol_0402_0001.xyz      1   3.50     432.73      45.49       0.00
     mol_0403_0001.xyz      1   3.50     342.65      31.84       0.00
     mol_0404_0001.xyz      1   3.50     283.76      43.55       0.00
     mol_0405_0001.xyz      1   3.50     272.88      40.39       0.00
     mol_0406_0001.xyz      1   3.50     261.24      40.13       0.00
     mol_0407_0001.xyz      1   3.50     289.85      37.25       0.00
     mol_0408_0001.xyz      1   3.50     287.61      42.43       0.00
     mol_0409_0001.xyz      1   3.50     275.92      34.65       0.00
     mol_0410_0001.xyz      1   3.50     251.14      31.88       0.00
     mol_0411_0001.xyz      1   3.50     340.25      34.95       0.00
     mol_0412_0001.xyz      1   3.50     347.26      42.76       0.00
     mol_0413_0001.xyz      1   3.50     333.36      33.19       0.00
     mol_0414_0001.xyz      1   3.50     291.97      39.32       0.00
     mol_0415_0001.xyz      1   3.50     288.46      41.39       0.00
     mol_0416_0001.xyz      1   3.50     373.00      34.18       0.00
     mol_0417_0001.xyz      1   3.50     283.25      34.32       0.00
     mol_0418_0001.xyz      1   3.50     242.45      31.31       0.00
     mol_0419_0001.xyz      1   3.50     379.59      41.21       0.00
     mol_0420_0001.xyz      1   3.50     380.00      37.10       0.00
     mol_0421_0001.xyz      1   3.50     185.04      37.60       0.00
     mol_0422_0001.xyz      1   3.50     298.69      51.53       0.00
     mol_0423_0001.xyz      1   3.50     319.53      42.15       0.00
     mol_0424_0001.xyz      1   3.50     259.20      47.98       0.00
     mol_0425_0001.xyz      1   3.50     328.89      25.87       0.00
     mol_0426_0001.xyz      1   3.50     318.10      38.49       0.00
     mol_0427_0001.xyz      1   3.50     339.30      44.92       0.00
     mol_0428_0001.xyz      1   3.50     321.65      48.09       0.00
     mol_0429_0001.xyz      1   3.50     321.32      44.76       0.00
     mol_0430_0001.xyz      1   3.50     320.48      31.75       0.00
     mol_0431_0001.xyz      1   3.50     346.41      39.05       0.00
     mol_0432_0001.xyz      1   3.50     233.80      46.03       0.00
     mol_0433_0001.xyz      1   3.50     362.54      46.58       0.00
     mol_0434_0001.xyz      1   3.50     349.95      32.15       0.00
     mol_0435_0001.xyz      1   3.50     293.46      37.62       0.00
     mol_0436_0001.xyz      1   3.50     195.16      25.66       0.00
     mol_0437_0001.xyz      1   3.50     275.35      47.68       0.00
     mol_0438_0001.xyz      1   3.50     212.14      51.19       0.00
     mol_0439_0001.xyz      1   3.50     371.99      32.22       0.00
     mol_0440_0001.xyz      1   3.50     322.06      32.27       0.00
     mol_0441_0001.xyz      1   3.50     357.20      35.65       0.00
     mol_0442_0001.xyz      1   3.50     203.51      33.84       0.00
     mol_0443_0001.xyz      1   3.50     244.49      31.56       0.00
     mol_0444_0001.xyz      1   3.50     278.89      43.83       0.00
     mol_0445_0001.xyz      1   3.50     287.95      37.93       0.00
     mol_0446_0001.xyz      1   3.50     424.63      36.24       0.00
     mol_0447_0001.xyz      1   3.50     261.20      40.14       0.00
     mol_0448_0001.xyz      1   3.50     274.08      42.03       0.00
     mol_0449_0001.xyz      1   3.50     255.37      34.66       0.00
     mol_0450_0001.xyz      1   3.50     344.40      41.89       0.00
     mol_0451_0001.xyz      1   3.50     299.68      41.17       0.00
     mol_0453_0001.xyz      1   3.50     286.59      40.54       0.00
     mol_0454_0001.xyz      1   3.50     360.68      43.04       0.00
     mol_0455_0001.xyz      1   3.50     244.77      33.73       0.00
     mol_0456_0001.xyz      1   3.50     270.69      45.70       0.00
     mol_0457_0001.xyz      1   3.50     298.78      39.71       0.00
     mol_0458_0001.xyz      1   3.50     366.17      32.55       0.00
     mol_0459_0001.xyz      1   3.50     356.36      43.60       0.00
     mol_0460_0001.xyz      1   3.50     279.97      34.36       0.00
     mol_0461_0001.xyz      1   3.50     255.20      30.63       0.00
     mol_0462_0001.xyz      1   3.50     233.40      43.80       0.00
     mol_0463_0001.xyz      1   3.50     348.90      32.22       0.00
     mol_0464_0001.xyz      1   3.50     403.01      32.22       0.00
     mol_0465_0001.xyz      1   3.50     226.29      36.56       0.00
     mol_0466_0001.xyz      1   3.50     349.45      34.67       0.00
     mol_0467_0001.xyz      1   3.50     283.28      43.82       0.00
     mol_0468_0001.xyz      1   3.50     249.88      43.51       0.00
     mol_0469_0001.xyz      1   3.50     270.07      36.70       0.00
     mol_0470_0001.xyz      1   3.50     285.22      40.18       0.00
     mol_0471_0001.xyz      1   3.50     388.14      41.29       0.00
     mol_0472_0001.xyz      1   3.50     225.85      34.61       0.00
     mol_0473_0001.xyz      1   3.50     295.81      32.22       0.00
     mol_0474_0001.xyz      1   3.50     325.30      43.31       0.00
     mol_0475_0001.xyz      1   3.50     271.50      35.57       0.00
     mol_0476_0001.xyz      1   3.50     317.04      34.67       0.00
     mol_0477_0001.xyz      1   3.50     434.34      56.95       0.00
     mol_0478_0001.xyz      1   3.50     329.26      39.43       0.00
     mol_0479_0001.xyz      1   3.50     388.72      32.21       0.00
     mol_0480_0001.xyz      1   3.50     369.48      38.70       0.00
     mol_0481_0001.xyz      1   3.50     285.19      31.38       0.00
     mol_0482_0001.xyz      1   3.50     307.91      43.10       0.00
     mol_0483_0001.xyz      1   3.50     266.06      36.89       0.00
     mol_0484_0001.xyz      1   3.50     301.49      30.51       0.00
     mol_0485_0001.xyz      1   3.50     353.43      46.26       0.00
     mol_0486_0001.xyz      1   3.50     254.20      37.48       0.00
     mol_0487_0001.xyz      1   3.50     357.15      32.08       0.00
     mol_0488_0001.xyz      1   3.50     342.49      50.00       0.00
     mol_0489_0001.xyz      1   3.50     318.77      40.14       0.00
     mol_0490_0001.xyz      1   3.50     373.67      42.68       0.00
     mol_0491_0001.xyz      1   3.50     409.37      34.25       0.00
     mol_0492_0001.xyz      1   3.50     299.26      32.30       0.00
     mol_0493_0001.xyz      1   3.50     259.42      36.13       0.00
     mol_0494_0001.xyz      1   3.50     305.05      43.91       0.00
     mol_0495_0001.xyz      1   3.50     201.98      34.62       0.00
     mol_0496_0001.xyz      1   3.50     269.35      32.24       0.00
     mol_0497_0001.xyz      1   3.50     250.97      36.40       0.00
     mol_0498_0001.xyz      1   3.50     318.06      46.13       0.00
     mol_0499_0001.xyz      1   3.50     280.82      37.57       0.00
   ------------------------------------------------------------------
