
   ·▄▄▄▄  ▄▄▄▄· .▄▄ ·▄▄▄▄▄▄▄▄ . ▄▄▄·
   ██▊ ██ ▐█ ▀█▊▐█ ▀.•██  ▀▄.▀·▐█ ▄█
   ▐█· ▐█▌▐█▀▀█▄▄▀▀▀█▄▐█.▊▐▀▀▊▄ ██▀·
   ██. ██ ██▄▊▐█▐█▄▊▐█▐█▌·▐█▄▄▌▐█▊·•
   ▀▀▀▀▀• ·▀▀▀▀  ▀▀▀▀ ▀▀▀  ▀▀▀ .▀   

   Buried volume (Vbur) will be computed
   Using a Cartesian grid-spacing of 0.0500 Angstrom
   Bondi atomic radii will be scaled by 1.0
   Hydrogen atoms are included

                  File   Atom    R/Å    Mol_Vol     %V_Bur     %S_Bur
   ------------------------------------------------------------------
     mol_0002_0001.xyz      1   3.50     237.54      38.44       0.00
     mol_0003_0001.xyz      1   3.50     231.77      27.65       0.00
     mol_0004_0001.xyz      1   3.50     265.16      28.74       0.00
     mol_0005_0001.xyz      1   3.50     253.60      38.39       0.00
     mol_0006_0001.xyz      1   3.50     273.60      27.34       0.00
     mol_0007_0001.xyz      1   3.50     288.65      38.62       0.00
     mol_0008_0001.xyz      1   3.50     221.58      29.16       0.00
     mol_0009_0001.xyz      1   3.50     397.02      32.42       0.00
     mol_0010_0001.xyz      1   3.50     269.73      30.87       0.00
     mol_0011_0001.xyz      1   3.50     297.59      29.10       0.00
     mol_0012_0001.xyz      1   3.50     246.95      37.58       0.00
     mol_0013_0001.xyz      1   3.50     329.88      35.07       0.00
     mol_0014_0001.xyz      1   3.50     298.56      33.50       0.00
     mol_0015_0001.xyz      1   3.50     287.51      37.71       0.00
     mol_0016_0001.xyz      1   3.50     278.95      30.93       0.00
     mol_0017_0001.xyz      1   3.50     344.24      28.62       0.00
     mol_0018_0001.xyz      1   3.50     273.09      26.63       0.00
     mol_0019_0001.xyz      1   3.50     286.93      41.80       0.00
     mol_0020_0001.xyz      1   3.50     301.10      36.12       0.00
     mol_0021_0001.xyz      1   3.50     268.34      41.68       0.00
     mol_0022_0001.xyz      1   3.50     308.87      36.09       0.00
     mol_0023_0001.xyz      1   3.50     325.21      34.31       0.00
     mol_0024_0001.xyz      1   3.50     182.30      32.28       0.00
     mol_0025_0001.xyz      1   3.50     245.69      33.71       0.00
     mol_0026_0001.xyz      1   3.50     260.04      40.33       0.00
     mol_0027_0001.xyz      1   3.50     276.51      41.26       0.00
     mol_0028_0001.xyz      1   3.50     172.18      29.91       0.00
     mol_0029_0001.xyz      1   3.50     282.42      29.97       0.00
     mol_0030_0001.xyz      1   3.50     390.56      28.63       0.00
     mol_0031_0001.xyz      1   3.50     248.94      39.50       0.00
     mol_0032_0001.xyz      1   3.50     274.03      36.91       0.00
     mol_0033_0001.xyz      1   3.50     339.23      28.24       0.00
     mol_0034_0001.xyz      1   3.50     375.69      35.25       0.00
     mol_0035_0001.xyz      1   3.50     279.43      30.25       0.00
     mol_0036_0001.xyz      1   3.50     266.44      39.51       0.00
     mol_0037_0001.xyz      1   3.50     328.03      36.70       0.00
     mol_0038_0001.xyz      1   3.50     286.72      39.13       0.00
     mol_0039_0001.xyz      1   3.50     295.40      43.14       0.00
     mol_0040_0001.xyz      1   3.50     175.34      25.18       0.00
     mol_0041_0001.xyz      1   3.50     235.69      48.35       0.00
     mol_0042_0001.xyz      1   3.50     259.05      41.91       0.00
     mol_0043_0001.xyz      1   3.50     363.27      41.55       0.00
     mol_0044_0001.xyz      1   3.50     301.92      36.64       0.00
     mol_0045_0001.xyz      1   3.50     199.55      36.45       0.00
     mol_0046_0001.xyz      1   3.50     287.78      39.95       0.00
     mol_0047_0001.xyz      1   3.50     304.73      37.75       0.00
     mol_0048_0001.xyz      1   3.50     227.32      38.39       0.00
     mol_0049_0001.xyz      1   3.50     277.19      36.06       0.00
     mol_0050_0001.xyz      1   3.50     304.35      34.92       0.00
     mol_0051_0001.xyz      1   3.50     292.48      40.19       0.00
     mol_0052_0001.xyz      1   3.50     290.84      30.94       0.00
     mol_0054_0001.xyz      1   3.50     283.21      32.53       0.00
     mol_0055_0001.xyz      1   3.50     297.22      32.17       0.00
     mol_0056_0001.xyz      1   3.50     260.30      32.43       0.00
     mol_0057_0001.xyz      1   3.50     195.90      28.98       0.00
     mol_0058_0001.xyz      1   3.50     296.30      47.37       0.00
     mol_0059_0001.xyz      1   3.50     294.04      28.63       0.00
     mol_0060_0001.xyz      1   3.50     227.57      33.46       0.00
     mol_0061_0001.xyz      1   3.50     196.42      40.47       0.00
     mol_0062_0001.xyz      1   3.50     194.24      36.73       0.00
     mol_0063_0001.xyz      1   3.50     280.51      42.12       0.00
     mol_0064_0001.xyz      1   3.50     335.65      26.53       0.00
     mol_0065_0001.xyz      1   3.50     345.81      34.99       0.00
     mol_0066_0001.xyz      1   3.50     293.62      30.16       0.00
     mol_0067_0001.xyz      1   3.50     379.64      30.02       0.00
     mol_0068_0001.xyz      1   3.50     285.04      39.32       0.00
     mol_0069_0001.xyz      1   3.50     309.52      30.82       0.00
     mol_0070_0001.xyz      1   3.50     288.50      36.82       0.00
     mol_0071_0001.xyz      1   3.50     306.31      45.01       0.00
     mol_0072_0001.xyz      1   3.50     333.43      34.13       0.00
     mol_0073_0001.xyz      1   3.50     267.33      42.82       0.00
     mol_0074_0001.xyz      1   3.50     271.11      30.25       0.00
     mol_0075_0001.xyz      1   3.50     277.25      36.66       0.00
     mol_0076_0001.xyz      1   3.50     266.72      37.52       0.00
     mol_0077_0001.xyz      1   3.50     302.66      32.36       0.00
     mol_0078_0001.xyz      1   3.50     260.60      31.60       0.00
     mol_0079_0001.xyz      1   3.50     273.33      34.31       0.00
     mol_0080_0001.xyz      1   3.50     286.31      33.81       0.00
     mol_0081_0001.xyz      1   3.50     335.87      42.09       0.00
     mol_0082_0001.xyz      1   3.50     310.71      39.46       0.00
     mol_0083_0001.xyz      1   3.50     271.37      33.67       0.00
     mol_0084_0001.xyz      1   3.50     317.62      26.55       0.00
     mol_0085_0001.xyz      1   3.50     299.61      34.73       0.00
     mol_0086_0001.xyz      1   3.50     280.55      45.24       0.00
     mol_0088_0001.xyz      1   3.50     218.43      38.94       0.00
     mol_0089_0001.xyz      1   3.50     227.97      39.18       0.00
     mol_0090_0001.xyz      1   3.50     299.33      33.83       0.00
     mol_0091_0001.xyz      1   3.50     289.38      28.64       0.00
     mol_0092_0001.xyz      1   3.50     289.20      34.60       0.00
     mol_0093_0001.xyz      1   3.50     218.10      36.03       0.00
     mol_0094_0001.xyz      1   3.50     299.59      29.46       0.00
     mol_0095_0001.xyz      1   3.50     288.54      31.60       0.00
     mol_0096_0001.xyz      1   3.50     281.39      30.98       0.00
     mol_0097_0001.xyz      1   3.50     295.40      37.07       0.00
     mol_0098_0001.xyz      1   3.50     280.92      27.50       0.00
     mol_0099_0001.xyz      1   3.50     361.75      28.63       0.00
     mol_0100_0001.xyz      1   3.50     293.57      30.94       0.00
     mol_0101_0001.xyz      1   3.50     367.90      29.73       0.00
     mol_0102_0001.xyz      1   3.50     256.44      33.39       0.00
     mol_0105_0001.xyz      1   3.50     281.20      31.00       0.00
     mol_0106_0001.xyz      1   3.50     254.97      31.78       0.00
     mol_0107_0001.xyz      1   3.50     206.13      42.63       0.00
     mol_0108_0001.xyz      1   3.50     370.57      32.38       0.00
     mol_0109_0001.xyz      1   3.50     252.39      40.90       0.00
     mol_0110_0001.xyz      1   3.50     350.63      28.63       0.00
     mol_0111_0001.xyz      1   3.50     300.61      28.89       0.00
     mol_0112_0001.xyz      1   3.50     339.19      42.40       0.00
     mol_0113_0001.xyz      1   3.50     368.82      33.17       0.00
     mol_0114_0001.xyz      1   3.50     397.15      34.17       0.00
     mol_0115_0001.xyz      1   3.50     267.88      34.72       0.00
     mol_0116_0001.xyz      1   3.50     289.56      33.79       0.00
     mol_0117_0001.xyz      1   3.50     300.01      29.15       0.00
     mol_0118_0001.xyz      1   3.50     268.56      32.55       0.00
     mol_0119_0001.xyz      1   3.50     262.50      36.92       0.00
     mol_0120_0001.xyz      1   3.50     292.82      46.19       0.00
     mol_0121_0001.xyz      1   3.50     236.18      31.14       0.00
     mol_0122_0001.xyz      1   3.50     159.29      30.69       0.00
     mol_0123_0001.xyz      1   3.50     297.34      31.45       0.00
     mol_0124_0001.xyz      1   3.50     186.95      30.30       0.00
     mol_0125_0001.xyz      1   3.50     290.22      28.03       0.00
     mol_0126_0001.xyz      1   3.50     311.08      45.06       0.00
     mol_0127_0001.xyz      1   3.50     377.49      28.63       0.00
     mol_0128_0001.xyz      1   3.50     305.33      39.38       0.00
     mol_0129_0001.xyz      1   3.50     283.00      40.71       0.00
     mol_0130_0001.xyz      1   3.50     340.61      50.89       0.00
     mol_0131_0001.xyz      1   3.50     274.91      41.51       0.00
     mol_0132_0001.xyz      1   3.50     355.56      33.45       0.00
     mol_0133_0001.xyz      1   3.50     246.93      38.35       0.00
     mol_0134_0001.xyz      1   3.50     300.80      38.05       0.00
     mol_0135_0001.xyz      1   3.50     269.18      28.48       0.00
     mol_0136_0001.xyz      1   3.50     185.00      31.86       0.00
     mol_0137_0001.xyz      1   3.50     269.89      29.60       0.00
     mol_0138_0001.xyz      1   3.50     184.67      41.65       0.00
     mol_0139_0001.xyz      1   3.50     222.89      33.73       0.00
     mol_0140_0001.xyz      1   3.50     208.39      30.10       0.00
     mol_0141_0001.xyz      1   3.50     277.25      29.08       0.00
     mol_0142_0001.xyz      1   3.50     285.95      35.18       0.00
     mol_0143_0001.xyz      1   3.50     235.76      42.63       0.00
     mol_0144_0001.xyz      1   3.50     276.75      31.49       0.00
     mol_0145_0001.xyz      1   3.50     223.07      28.75       0.00
     mol_0146_0001.xyz      1   3.50     269.88      30.53       0.00
     mol_0147_0001.xyz      1   3.50     271.47      36.36       0.00
     mol_0148_0001.xyz      1   3.50     289.29      38.08       0.00
     mol_0150_0001.xyz      1   3.50     315.32      36.28       0.00
     mol_0151_0001.xyz      1   3.50     231.41      40.53       0.00
     mol_0152_0001.xyz      1   3.50     373.95      42.94       0.00
     mol_0154_0001.xyz      1   3.50     274.34      29.46       0.00
     mol_0155_0001.xyz      1   3.50     280.84      29.85       0.00
     mol_0156_0001.xyz      1   3.50     278.16      31.76       0.00
     mol_0157_0001.xyz      1   3.50     246.81      29.49       0.00
     mol_0158_0001.xyz      1   3.50     279.42      30.97       0.00
     mol_0159_0001.xyz      1   3.50     293.27      38.57       0.00
     mol_0160_0001.xyz      1   3.50     218.51      34.47       0.00
     mol_0161_0001.xyz      1   3.50     325.20      28.64       0.00
     mol_0162_0001.xyz      1   3.50     349.71      37.70       0.00
     mol_0163_0001.xyz      1   3.50     337.26      34.36       0.00
     mol_0164_0001.xyz      1   3.50     312.23      40.67       0.00
     mol_0165_0001.xyz      1   3.50     345.21      42.02       0.00
     mol_0166_0001.xyz      1   3.50     266.78      28.62       0.00
     mol_0167_0001.xyz      1   3.50     237.34      36.50       0.00
     mol_0168_0001.xyz      1   3.50     264.89      41.23       0.00
     mol_0169_0001.xyz      1   3.50     332.77      29.90       0.00
     mol_0170_0001.xyz      1   3.50     280.98      39.05       0.00
     mol_0171_0001.xyz      1   3.50     298.39      26.83       0.00
     mol_0172_0001.xyz      1   3.50     247.63      28.08       0.00
     mol_0173_0001.xyz      1   3.50     224.51      36.84       0.00
     mol_0175_0001.xyz      1   3.50     283.11      35.06       0.00
     mol_0176_0001.xyz      1   3.50     317.86      29.54       0.00
     mol_0177_0001.xyz      1   3.50     254.37      34.36       0.00
     mol_0178_0001.xyz      1   3.50     231.85      47.27       0.00
     mol_0179_0001.xyz      1   3.50     211.78      39.35       0.00
     mol_0180_0001.xyz      1   3.50     342.09      28.61       0.00
     mol_0181_0001.xyz      1   3.50     301.20      28.08       0.00
     mol_0182_0001.xyz      1   3.50     235.79      30.77       0.00
     mol_0183_0001.xyz      1   3.50     218.74      35.77       0.00
     mol_0184_0001.xyz      1   3.50     286.25      43.44       0.00
     mol_0185_0001.xyz      1   3.50     232.80      29.12       0.00
     mol_0186_0001.xyz      1   3.50     353.19      31.04       0.00
     mol_0187_0001.xyz      1   3.50     356.44      28.61       0.00
     mol_0188_0001.xyz      1   3.50     263.53      29.57       0.00
     mol_0189_0001.xyz      1   3.50     300.94      24.80       0.00
     mol_0190_0001.xyz      1   3.50     284.98      26.53       0.00
     mol_0191_0001.xyz      1   3.50     329.92      35.15       0.00
     mol_0192_0001.xyz      1   3.50     230.80      34.65       0.00
     mol_0193_0001.xyz      1   3.50     309.78      32.61       0.00
     mol_0195_0001.xyz      1   3.50     342.28      40.02       0.00
     mol_0196_0001.xyz      1   3.50     263.08      36.14       0.00
     mol_0197_0001.xyz      1   3.50     300.03      32.97       0.00
     mol_0198_0001.xyz      1   3.50     207.72      37.88       0.00
     mol_0199_0001.xyz      1   3.50     295.76      29.44       0.00
     mol_0200_0001.xyz      1   3.50     238.75      25.01       0.00
     mol_0201_0001.xyz      1   3.50     250.09      39.70       0.00
     mol_0202_0001.xyz      1   3.50     287.98      43.14       0.00
     mol_0203_0001.xyz      1   3.50     308.98      43.08       0.00
     mol_0204_0001.xyz      1   3.50     296.33      38.22       0.00
     mol_0205_0001.xyz      1   3.50     335.27      32.17       0.00
     mol_0206_0001.xyz      1   3.50     360.03      46.64       0.00
     mol_0207_0001.xyz      1   3.50     219.50      27.76       0.00
     mol_0208_0001.xyz      1   3.50     253.29      31.45       0.00
     mol_0209_0001.xyz      1   3.50     307.69      39.91       0.00
     mol_0210_0001.xyz      1   3.50     298.09      28.33       0.00
     mol_0211_0001.xyz      1   3.50     251.83      37.52       0.00
     mol_0212_0001.xyz      1   3.50     262.82      30.58       0.00
     mol_0213_0001.xyz      1   3.50     309.13      39.87       0.00
     mol_0214_0001.xyz      1   3.50     299.24      29.40       0.00
     mol_0215_0001.xyz      1   3.50     209.93      28.98       0.00
     mol_0216_0001.xyz      1   3.50     306.62      36.66       0.00
     mol_0217_0001.xyz      1   3.50     208.84      34.00       0.00
     mol_0218_0001.xyz      1   3.50     297.69      31.42       0.00
     mol_0219_0001.xyz      1   3.50     308.35      28.76       0.00
     mol_0220_0001.xyz      1   3.50     263.25      44.36       0.00
     mol_0221_0001.xyz      1   3.50     232.76      28.62       0.00
     mol_0222_0001.xyz      1   3.50     342.55      33.76       0.00
     mol_0223_0001.xyz      1   3.50     318.31      34.63       0.00
     mol_0224_0001.xyz      1   3.50     283.15      34.09       0.00
     mol_0225_0001.xyz      1   3.50     369.76      29.10       0.00
     mol_0226_0001.xyz      1   3.50     316.12      37.99       0.00
     mol_0227_0001.xyz      1   3.50     287.78      31.00       0.00
     mol_0228_0001.xyz      1   3.50     302.04      33.07       0.00
     mol_0229_0001.xyz      1   3.50     251.83      31.55       0.00
     mol_0230_0001.xyz      1   3.50     235.65      32.35       0.00
     mol_0231_0001.xyz      1   3.50     337.37      35.41       0.00
     mol_0232_0001.xyz      1   3.50     355.48      22.25       0.00
     mol_0233_0001.xyz      1   3.50     355.01      32.60       0.00
     mol_0234_0001.xyz      1   3.50     216.44      27.53       0.00
     mol_0235_0001.xyz      1   3.50     270.51      49.60       0.00
     mol_0236_0001.xyz      1   3.50     294.42      39.73       0.00
     mol_0237_0001.xyz      1   3.50     354.40      31.27       0.00
     mol_0238_0001.xyz      1   3.50     265.22      30.19       0.00
     mol_0239_0001.xyz      1   3.50     329.36      32.25       0.00
     mol_0240_0001.xyz      1   3.50     237.43      31.91       0.00
     mol_0241_0001.xyz      1   3.50     344.17      40.99       0.00
     mol_0242_0001.xyz      1   3.50     285.29      34.83       0.00
     mol_0243_0001.xyz      1   3.50     228.43      29.73       0.00
     mol_0244_0001.xyz      1   3.50     299.57      28.65       0.00
     mol_0245_0001.xyz      1   3.50     331.97      33.37       0.00
     mol_0246_0001.xyz      1   3.50     272.68      36.41       0.00
     mol_0247_0001.xyz      1   3.50     359.67      31.00       0.00
     mol_0248_0001.xyz      1   3.50     189.30      34.63       0.00
     mol_0249_0001.xyz      1   3.50     165.42      32.18       0.00
     mol_0250_0001.xyz      1   3.50     293.07      35.00       0.00
     mol_0251_0001.xyz      1   3.50     328.53      45.55       0.00
     mol_0252_0001.xyz      1   3.50     275.59      34.55       0.00
     mol_0253_0001.xyz      1   3.50     229.80      35.45       0.00
     mol_0254_0001.xyz      1   3.50     389.19      28.62       0.00
     mol_0255_0001.xyz      1   3.50     323.33      47.24       0.00
     mol_0256_0001.xyz      1   3.50     264.97      29.13       0.00
     mol_0257_0001.xyz      1   3.50     259.55      29.66       0.00
     mol_0258_0001.xyz      1   3.50     313.18      44.61       0.00
     mol_0259_0001.xyz      1   3.50     301.07      39.79       0.00
     mol_0260_0001.xyz      1   3.50     230.34      35.64       0.00
     mol_0261_0001.xyz      1   3.50     270.47      28.61       0.00
     mol_0262_0001.xyz      1   3.50     283.99      28.93       0.00
     mol_0263_0001.xyz      1   3.50     222.03      26.20       0.00
     mol_0264_0001.xyz      1   3.50     318.15      30.92       0.00
     mol_0265_0001.xyz      1   3.50     234.54      30.82       0.00
     mol_0266_0001.xyz      1   3.50     257.81      31.41       0.00
     mol_0267_0001.xyz      1   3.50     315.46      31.63       0.00
     mol_0268_0001.xyz      1   3.50     212.32      27.81       0.00
     mol_0269_0001.xyz      1   3.50     258.56      29.39       0.00
     mol_0270_0001.xyz      1   3.50     247.42      21.28       0.00
     mol_0271_0001.xyz      1   3.50     248.28      28.73       0.00
     mol_0272_0001.xyz      1   3.50     251.52      29.69       0.00
     mol_0273_0001.xyz      1   3.50     319.49      35.38       0.00
     mol_0275_0001.xyz      1   3.50     204.67      40.90       0.00
     mol_0276_0001.xyz      1   3.50     302.03      45.01       0.00
     mol_0277_0001.xyz      1   3.50     361.52      29.50       0.00
     mol_0279_0001.xyz      1   3.50     291.25      28.39       0.00
     mol_0280_0001.xyz      1   3.50     206.77      26.29       0.00
     mol_0281_0001.xyz      1   3.50     203.34      35.45       0.00
     mol_0282_0001.xyz      1   3.50     301.90      40.63       0.00
     mol_0283_0001.xyz      1   3.50     289.85      30.27       0.00
     mol_0284_0001.xyz      1   3.50     231.12      29.84       0.00
     mol_0285_0001.xyz      1   3.50     248.75      27.67       0.00
     mol_0286_0001.xyz      1   3.50     263.81      42.03       0.00
     mol_0287_0001.xyz      1   3.50     256.16      28.86       0.00
     mol_0288_0001.xyz      1   3.50     366.52      38.99       0.00
     mol_0289_0001.xyz      1   3.50     223.37      34.98       0.00
     mol_0290_0001.xyz      1   3.50     249.12      31.92       0.00
     mol_0291_0001.xyz      1   3.50     263.20      37.08       0.00
     mol_0292_0001.xyz      1   3.50     330.62      36.56       0.00
     mol_0293_0001.xyz      1   3.50     212.46      30.96       0.00
     mol_0294_0001.xyz      1   3.50     167.99      31.07       0.00
     mol_0295_0001.xyz      1   3.50     224.37      31.32       0.00
     mol_0296_0001.xyz      1   3.50     221.03      30.16       0.00
     mol_0297_0001.xyz      1   3.50     295.73      36.41       0.00
     mol_0298_0001.xyz      1   3.50     200.65      35.96       0.00
     mol_0299_0001.xyz      1   3.50     258.22      38.38       0.00
     mol_0300_0001.xyz      1   3.50     278.71      41.97       0.00
     mol_0301_0001.xyz      1   3.50     319.51      43.36       0.00
     mol_0302_0001.xyz      1   3.50     348.89      30.98       0.00
     mol_0303_0001.xyz      1   3.50     335.62      30.97       0.00
     mol_0304_0001.xyz      1   3.50     324.27      26.63       0.00
     mol_0305_0001.xyz      1   3.50     382.70      36.99       0.00
     mol_0306_0001.xyz      1   3.50     291.47      31.63       0.00
     mol_0307_0001.xyz      1   3.50     264.56      31.08       0.00
     mol_0308_0001.xyz      1   3.50     272.56      34.04       0.00
     mol_0309_0001.xyz      1   3.50     373.57      45.49       0.00
     mol_0310_0001.xyz      1   3.50     320.51      28.62       0.00
     mol_0311_0001.xyz      1   3.50     289.05      38.91       0.00
     mol_0312_0001.xyz      1   3.50     320.41      22.65       0.00
     mol_0313_0001.xyz      1   3.50     255.17      29.13       0.00
     mol_0314_0001.xyz      1   3.50     244.26      33.26       0.00
     mol_0315_0001.xyz      1   3.50     255.18      28.61       0.00
     mol_0316_0001.xyz      1   3.50     294.62      36.38       0.00
     mol_0317_0001.xyz      1   3.50     300.28      34.94       0.00
     mol_0318_0001.xyz      1   3.50     326.84      28.49       0.00
     mol_0319_0001.xyz      1   3.50     236.92      34.32       0.00
     mol_0320_0001.xyz      1   3.50     230.86      43.52       0.00
     mol_0321_0001.xyz      1   3.50     331.64      33.58       0.00
     mol_0322_0001.xyz      1   3.50     293.17      46.66       0.00
     mol_0323_0001.xyz      1   3.50     260.17      27.97       0.00
     mol_0324_0001.xyz      1   3.50     295.55      28.63       0.00
     mol_0325_0001.xyz      1   3.50     227.63      29.49       0.00
     mol_0326_0001.xyz      1   3.50     300.35      38.15       0.00
     mol_0327_0001.xyz      1   3.50     351.18      40.55       0.00
     mol_0328_0001.xyz      1   3.50     222.78      27.64       0.00
     mol_0329_0001.xyz      1   3.50     276.04      28.28       0.00
     mol_0330_0001.xyz      1   3.50     336.93      37.72       0.00
     mol_0331_0001.xyz      1   3.50     344.32      28.40       0.00
     mol_0332_0001.xyz      1   3.50     188.75      40.14       0.00
     mol_0333_0001.xyz      1   3.50     275.04      36.03       0.00
     mol_0334_0001.xyz      1   3.50     205.83      39.10       0.00
     mol_0335_0001.xyz      1   3.50     275.34      40.57       0.00
     mol_0336_0001.xyz      1   3.50     371.55      28.62       0.00
     mol_0337_0001.xyz      1   3.50     262.47      35.10       0.00
     mol_0338_0001.xyz      1   3.50     289.83      34.27       0.00
     mol_0339_0001.xyz      1   3.50     342.79      38.53       0.00
     mol_0340_0001.xyz      1   3.50     229.72      33.64       0.00
     mol_0341_0001.xyz      1   3.50     248.74      41.44       0.00
     mol_0342_0001.xyz      1   3.50     294.86      29.20       0.00
     mol_0343_0001.xyz      1   3.50     250.03      33.72       0.00
     mol_0344_0001.xyz      1   3.50     265.90      38.65       0.00
     mol_0345_0001.xyz      1   3.50     245.44      34.75       0.00
     mol_0346_0001.xyz      1   3.50     341.51      30.78       0.00
     mol_0347_0001.xyz      1   3.50     201.92      29.91       0.00
     mol_0348_0001.xyz      1   3.50     322.58      34.30       0.00
     mol_0349_0001.xyz      1   3.50     317.88      28.65       0.00
     mol_0350_0001.xyz      1   3.50     265.58      37.47       0.00
     mol_0351_0001.xyz      1   3.50     160.83      33.39       0.00
     mol_0352_0001.xyz      1   3.50     311.85      29.02       0.00
     mol_0353_0001.xyz      1   3.50     304.43      30.93       0.00
     mol_0354_0001.xyz      1   3.50     394.16      36.78       0.00
     mol_0355_0001.xyz      1   3.50     285.01      39.60       0.00
     mol_0356_0001.xyz      1   3.50     278.56      31.01       0.00
     mol_0357_0001.xyz      1   3.50     280.33      29.84       0.00
     mol_0358_0001.xyz      1   3.50     291.77      30.19       0.00
     mol_0359_0001.xyz      1   3.50     278.60      28.51       0.00
     mol_0360_0001.xyz      1   3.50     327.29      33.80       0.00
     mol_0361_0001.xyz      1   3.50     193.45      30.90       0.00
     mol_0362_0001.xyz      1   3.50     344.12      28.62       0.00
     mol_0363_0001.xyz      1   3.50     310.37      31.05       0.00
     mol_0364_0001.xyz      1   3.50     325.72      33.27       0.00
     mol_0365_0001.xyz      1   3.50     313.73      26.57       0.00
     mol_0366_0001.xyz      1   3.50     323.47      31.47       0.00
     mol_0367_0001.xyz      1   3.50     309.03      35.07       0.00
     mol_0368_0001.xyz      1   3.50     306.66      46.43       0.00
     mol_0369_0001.xyz      1   3.50     207.35      26.63       0.00
     mol_0370_0001.xyz      1   3.50     247.31      33.54       0.00
     mol_0371_0001.xyz      1   3.50     277.02      38.63       0.00
     mol_0372_0001.xyz      1   3.50     294.19      39.06       0.00
     mol_0373_0001.xyz      1   3.50     289.53      30.92       0.00
     mol_0374_0001.xyz      1   3.50     281.30      43.63       0.00
     mol_0375_0001.xyz      1   3.50     316.12      26.73       0.00
     mol_0377_0001.xyz      1   3.50     308.28      39.98       0.00
     mol_0378_0001.xyz      1   3.50     235.17      40.09       0.00
     mol_0379_0001.xyz      1   3.50     220.50      39.74       0.00
     mol_0380_0001.xyz      1   3.50     250.74      32.09       0.00
     mol_0381_0001.xyz      1   3.50     288.35      30.94       0.00
     mol_0382_0001.xyz      1   3.50     290.82      34.97       0.00
     mol_0383_0001.xyz      1   3.50     209.58      25.46       0.00
     mol_0384_0001.xyz      1   3.50     282.50      34.29       0.00
     mol_0385_0001.xyz      1   3.50     269.27      34.88       0.00
     mol_0386_0001.xyz      1   3.50     162.44      29.57       0.00
     mol_0387_0001.xyz      1   3.50     301.47      30.98       0.00
     mol_0388_0001.xyz      1   3.50     302.31      28.62       0.00
     mol_0389_0001.xyz      1   3.50     284.79      33.98       0.00
     mol_0390_0001.xyz      1   3.50     294.28      34.91       0.00
     mol_0391_0001.xyz      1   3.50     250.49      40.02       0.00
     mol_0392_0001.xyz      1   3.50     323.06      29.86       0.00
     mol_0393_0001.xyz      1   3.50     263.93      34.56       0.00
     mol_0394_0001.xyz      1   3.50     324.13      35.35       0.00
     mol_0395_0001.xyz      1   3.50     341.08      35.44       0.00
     mol_0396_0001.xyz      1   3.50     283.21      38.05       0.00
     mol_0397_0001.xyz      1   3.50     307.91      28.60       0.00
     mol_0398_0001.xyz      1   3.50     259.08      40.39       0.00
     mol_0399_0001.xyz      1   3.50     283.91      28.62       0.00
     mol_0400_0001.xyz      1   3.50     309.45      37.25       0.00
     mol_0401_0001.xyz      1   3.50     257.00      28.61       0.00
     mol_0402_0001.xyz      1   3.50     385.93      41.22       0.00
     mol_0403_0001.xyz      1   3.50     304.08      28.26       0.00
     mol_0404_0001.xyz      1   3.50     251.81      38.60       0.00
     mol_0405_0001.xyz      1   3.50     242.41      36.69       0.00
     mol_0406_0001.xyz      1   3.50     232.19      35.81       0.00
     mol_0407_0001.xyz      1   3.50     256.07      33.50       0.00
     mol_0408_0001.xyz      1   3.50     254.56      38.48       0.00
     mol_0409_0001.xyz      1   3.50     244.34      31.01       0.00
     mol_0410_0001.xyz      1   3.50     222.76      28.27       0.00
     mol_0411_0001.xyz      1   3.50     302.61      31.16       0.00
     mol_0412_0001.xyz      1   3.50     309.37      38.62       0.00
     mol_0413_0001.xyz      1   3.50     296.34      29.40       0.00
     mol_0414_0001.xyz      1   3.50     259.53      35.48       0.00
     mol_0415_0001.xyz      1   3.50     255.93      37.63       0.00
     mol_0416_0001.xyz      1   3.50     330.13      30.51       0.00
     mol_0417_0001.xyz      1   3.50     249.90      30.67       0.00
     mol_0418_0001.xyz      1   3.50     215.49      27.65       0.00
     mol_0419_0001.xyz      1   3.50     338.02      37.24       0.00
     mol_0420_0001.xyz      1   3.50     338.39      33.30       0.00
     mol_0421_0001.xyz      1   3.50     163.56      34.00       0.00
     mol_0422_0001.xyz      1   3.50     264.58      47.48       0.00
     mol_0423_0001.xyz      1   3.50     283.26      38.21       0.00
     mol_0424_0001.xyz      1   3.50     230.47      43.83       0.00
     mol_0425_0001.xyz      1   3.50     291.87      22.67       0.00
     mol_0426_0001.xyz      1   3.50     280.83      34.62       0.00
     mol_0427_0001.xyz      1   3.50     301.69      40.86       0.00
     mol_0428_0001.xyz      1   3.50     287.45      44.39       0.00
     mol_0429_0001.xyz      1   3.50     285.85      40.80       0.00
     mol_0430_0001.xyz      1   3.50     284.17      27.89       0.00
     mol_0431_0001.xyz      1   3.50     308.10      35.18       0.00
     mol_0432_0001.xyz      1   3.50     208.67      42.13       0.00
     mol_0433_0001.xyz      1   3.50     321.21      42.20       0.00
     mol_0434_0001.xyz      1   3.50     310.30      28.58       0.00
     mol_0435_0001.xyz      1   3.50     259.26      33.91       0.00
     mol_0436_0001.xyz      1   3.50     171.54      22.44       0.00
     mol_0437_0001.xyz      1   3.50     244.94      43.46       0.00
     mol_0438_0001.xyz      1   3.50     188.45      46.53       0.00
     mol_0439_0001.xyz      1   3.50     329.53      28.63       0.00
     mol_0440_0001.xyz      1   3.50     285.56      28.68       0.00
     mol_0441_0001.xyz      1   3.50     317.77      32.01       0.00
     mol_0442_0001.xyz      1   3.50     181.69      30.26       0.00
     mol_0443_0001.xyz      1   3.50     216.68      27.86       0.00
     mol_0444_0001.xyz      1   3.50     247.02      39.62       0.00
     mol_0445_0001.xyz      1   3.50     254.81      33.94       0.00
     mol_0446_0001.xyz      1   3.50     376.99      32.41       0.00
     mol_0447_0001.xyz      1   3.50     230.46      36.12       0.00
     mol_0448_0001.xyz      1   3.50     241.09      38.00       0.00
     mol_0449_0001.xyz      1   3.50     226.11      31.00       0.00
     mol_0450_0001.xyz      1   3.50     304.81      37.97       0.00
     mol_0451_0001.xyz      1   3.50     266.22      37.26       0.00
     mol_0453_0001.xyz      1   3.50     254.61      36.42       0.00
     mol_0454_0001.xyz      1   3.50     321.40      39.24       0.00
     mol_0455_0001.xyz      1   3.50     215.10      30.09       0.00
     mol_0456_0001.xyz      1   3.50     238.81      41.96       0.00
     mol_0457_0001.xyz      1   3.50     264.15      35.65       0.00
     mol_0458_0001.xyz      1   3.50     325.21      28.81       0.00
     mol_0459_0001.xyz      1   3.50     318.99      39.79       0.00
     mol_0460_0001.xyz      1   3.50     249.21      30.68       0.00
     mol_0461_0001.xyz      1   3.50     226.63      27.13       0.00
     mol_0462_0001.xyz      1   3.50     207.54      39.83       0.00
     mol_0463_0001.xyz      1   3.50     310.15      28.63       0.00
     mol_0464_0001.xyz      1   3.50     358.17      28.63       0.00
     mol_0465_0001.xyz      1   3.50     201.47      32.33       0.00
     mol_0466_0001.xyz      1   3.50     309.90      31.02       0.00
     mol_0467_0001.xyz      1   3.50     251.39      39.42       0.00
     mol_0468_0001.xyz      1   3.50     221.52      38.97       0.00
     mol_0469_0001.xyz      1   3.50     238.92      32.88       0.00
     mol_0470_0001.xyz      1   3.50     251.61      36.13       0.00
     mol_0471_0001.xyz      1   3.50     344.48      37.57       0.00
     mol_0472_0001.xyz      1   3.50     199.92      30.61       0.00
     mol_0473_0001.xyz      1   3.50     262.14      28.63       0.00
     mol_0474_0001.xyz      1   3.50     289.70      39.45       0.00
     mol_0475_0001.xyz      1   3.50     241.03      31.69       0.00
     mol_0476_0001.xyz      1   3.50     280.71      31.01       0.00
     mol_0477_0001.xyz      1   3.50     387.03      52.05       0.00
     mol_0478_0001.xyz      1   3.50     292.83      35.52       0.00
     mol_0479_0001.xyz      1   3.50     344.95      28.61       0.00
     mol_0480_0001.xyz      1   3.50     327.91      33.83       0.00
     mol_0481_0001.xyz      1   3.50     253.26      27.77       0.00
     mol_0482_0001.xyz      1   3.50     274.84      38.72       0.00
     mol_0483_0001.xyz      1   3.50     238.13      33.09       0.00
     mol_0484_0001.xyz      1   3.50     267.30      26.92       0.00
     mol_0485_0001.xyz      1   3.50     314.79      41.42       0.00
     mol_0486_0001.xyz      1   3.50     225.31      33.88       0.00
     mol_0487_0001.xyz      1   3.50     317.38      28.48       0.00
     mol_0488_0001.xyz      1   3.50     307.02      45.77       0.00
     mol_0489_0001.xyz      1   3.50     283.22      36.41       0.00
     mol_0490_0001.xyz      1   3.50     329.36      38.50       0.00
     mol_0491_0001.xyz      1   3.50     362.54      30.55       0.00
     mol_0492_0001.xyz      1   3.50     266.17      28.74       0.00
     mol_0493_0001.xyz      1   3.50     230.58      32.21       0.00
     mol_0494_0001.xyz      1   3.50     270.36      40.10       0.00
     mol_0495_0001.xyz      1   3.50     178.21      30.97       0.00
     mol_0496_0001.xyz      1   3.50     238.29      28.65       0.00
     mol_0497_0001.xyz      1   3.50     221.57      32.65       0.00
     mol_0498_0001.xyz      1   3.50     281.35      42.33       0.00
     mol_0499_0001.xyz      1   3.50     246.82      33.57       0.00
   ------------------------------------------------------------------
