
   ·▄▄▄▄  ▄▄▄▄· .▄▄ ·▄▄▄▄▄▄▄▄ . ▄▄▄·
   ██▊ ██ ▐█ ▀█▊▐█ ▀.•██  ▀▄.▀·▐█ ▄█
   ▐█· ▐█▌▐█▀▀█▄▄▀▀▀█▄▐█.▊▐▀▀▊▄ ██▀·
   ██. ██ ██▄▊▐█▐█▄▊▐█▐█▌·▐█▄▄▌▐█▊·•
   ▀▀▀▀▀• ·▀▀▀▀  ▀▀▀▀ ▀▀▀  ▀▀▀ .▀   

   Buried volume (Vbur) will be computed
   Using a Cartesian grid-spacing of 0.0500 Angstrom
   Charry-Tkatchenko atomic radii will be scaled by 1.0
   Hydrogen atoms are included

                  File   Atom    R/Å    Mol_Vol     %V_Bur     %S_Bur
   ------------------------------------------------------------------
     mol_0002_0001.xyz      1   3.50     345.67      53.24       0.00
     mol_0003_0001.xyz      1   3.50     358.92      42.33       0.00
     mol_0004_0001.xyz      1   3.50     436.94      47.07       0.00
     mol_0005_0001.xyz      1   3.50     414.50      55.99       0.00
     mol_0006_0001.xyz      1   3.50     403.36      44.10       0.00
     mol_0007_0001.xyz      1   3.50     432.98      48.54       0.00
     mol_0008_0001.xyz      1   3.50     347.34      46.02       0.00
     mol_0009_0001.xyz      1   3.50     606.09      48.85       0.00
     mol_0010_0001.xyz      1   3.50     414.47      48.49       0.00
     mol_0011_0001.xyz      1   3.50     472.63      45.28       0.00
     mol_0012_0001.xyz      1   3.50     405.29      53.63       0.00
     mol_0013_0001.xyz      1   3.50     497.91      53.33       0.00
     mol_0014_0001.xyz      1   3.50     456.04      52.43       0.00
     mol_0015_0001.xyz      1   3.50     477.74      56.02       0.00
     mol_0016_0001.xyz      1   3.50     418.08      48.57       0.00
     mol_0017_0001.xyz      1   3.50     525.35      45.08       0.00
     mol_0018_0001.xyz      1   3.50     449.67      46.21       0.00
     mol_0019_0001.xyz      1   3.50     440.14      60.85       0.00
     mol_0020_0001.xyz      1   3.50     452.64      56.07       0.00
     mol_0021_0001.xyz      1   3.50     407.06      60.05       0.00
     mol_0022_0001.xyz      1   3.50     498.53      53.83       0.00
     mol_0023_0001.xyz      1   3.50     491.11      50.73       0.00
     mol_0024_0001.xyz      1   3.50     305.14      54.29       0.00
     mol_0025_0001.xyz      1   3.50     407.73      54.36       0.00
     mol_0026_0001.xyz      1   3.50     408.78      59.29       0.00
     mol_0027_0001.xyz      1   3.50     422.85      54.58       0.00
     mol_0028_0001.xyz      1   3.50     297.39      50.82       0.00
     mol_0029_0001.xyz      1   3.50     439.31      49.80       0.00
     mol_0030_0001.xyz      1   3.50     617.34      45.09       0.00
     mol_0031_0001.xyz      1   3.50     396.83      60.87       0.00
     mol_0032_0001.xyz      1   3.50     424.19      56.68       0.00
     mol_0033_0001.xyz      1   3.50     501.31      44.67       0.00
     mol_0034_0001.xyz      1   3.50     577.07      53.79       0.00
     mol_0035_0001.xyz      1   3.50     440.00      49.05       0.00
     mol_0036_0001.xyz      1   3.50     433.34      53.71       0.00
     mol_0037_0001.xyz      1   3.50     472.85      47.44       0.00
     mol_0038_0001.xyz      1   3.50     444.49      54.01       0.00
     mol_0039_0001.xyz      1   3.50     468.10      61.83       0.00
     mol_0040_0001.xyz      1   3.50     283.81      34.96       0.00
     mol_0041_0001.xyz      1   3.50     388.05      65.25       0.00
     mol_0042_0001.xyz      1   3.50     406.64      55.14       0.00
     mol_0043_0001.xyz      1   3.50     578.42      61.02       0.00
     mol_0044_0001.xyz      1   3.50     454.14      48.67       0.00
     mol_0045_0001.xyz      1   3.50     315.80      51.81       0.00
     mol_0046_0001.xyz      1   3.50     440.19      59.29       0.00
     mol_0047_0001.xyz      1   3.50     461.77      46.52       0.00
     mol_0048_0001.xyz      1   3.50     391.02      59.58       0.00
     mol_0049_0001.xyz      1   3.50     442.38      59.41       0.00
     mol_0050_0001.xyz      1   3.50     474.64      56.47       0.00
     mol_0051_0001.xyz      1   3.50     456.15      58.41       0.00
     mol_0052_0001.xyz      1   3.50     448.88      48.58       0.00
     mol_0054_0001.xyz      1   3.50     477.80      50.53       0.00
     mol_0055_0001.xyz      1   3.50     457.15      53.26       0.00
     mol_0056_0001.xyz      1   3.50     392.91      48.86       0.00
     mol_0057_0001.xyz      1   3.50     295.54      45.51       0.00
     mol_0058_0001.xyz      1   3.50     447.63      63.37       0.00
     mol_0059_0001.xyz      1   3.50     444.57      45.10       0.00
     mol_0060_0001.xyz      1   3.50     358.67      53.98       0.00
     mol_0061_0001.xyz      1   3.50     307.35      59.41       0.00
     mol_0062_0001.xyz      1   3.50     343.36      58.48       0.00
     mol_0063_0001.xyz      1   3.50     448.59      62.53       0.00
     mol_0064_0001.xyz      1   3.50     499.39      46.19       0.00
     mol_0065_0001.xyz      1   3.50     505.00      51.35       0.00
     mol_0066_0001.xyz      1   3.50     453.27      47.53       0.00
     mol_0067_0001.xyz      1   3.50     558.57      46.45       0.00
     mol_0068_0001.xyz      1   3.50     459.29      59.58       0.00
     mol_0069_0001.xyz      1   3.50     491.67      51.88       0.00
     mol_0070_0001.xyz      1   3.50     474.67      56.31       0.00
     mol_0071_0001.xyz      1   3.50     490.67      61.95       0.00
     mol_0072_0001.xyz      1   3.50     529.06      52.81       0.00
     mol_0073_0001.xyz      1   3.50     419.75      64.43       0.00
     mol_0074_0001.xyz      1   3.50     421.62      51.50       0.00
     mol_0075_0001.xyz      1   3.50     458.68      54.18       0.00
     mol_0076_0001.xyz      1   3.50     414.94      59.14       0.00
     mol_0077_0001.xyz      1   3.50     471.60      52.16       0.00
     mol_0078_0001.xyz      1   3.50     437.97      50.18       0.00
     mol_0079_0001.xyz      1   3.50     442.61      56.02       0.00
     mol_0080_0001.xyz      1   3.50     484.99      55.64       0.00
     mol_0081_0001.xyz      1   3.50     519.24      59.68       0.00
     mol_0082_0001.xyz      1   3.50     472.47      52.01       0.00
     mol_0083_0001.xyz      1   3.50     454.74      51.19       0.00
     mol_0084_0001.xyz      1   3.50     493.40      44.03       0.00
     mol_0085_0001.xyz      1   3.50     465.56      56.04       0.00
     mol_0086_0001.xyz      1   3.50     426.38      57.99       0.00
     mol_0088_0001.xyz      1   3.50     327.05      56.06       0.00
     mol_0089_0001.xyz      1   3.50     384.55      61.45       0.00
     mol_0090_0001.xyz      1   3.50     498.78      51.69       0.00
     mol_0091_0001.xyz      1   3.50     440.71      45.09       0.00
     mol_0092_0001.xyz      1   3.50     430.76      49.42       0.00
     mol_0093_0001.xyz      1   3.50     357.94      55.25       0.00
     mol_0094_0001.xyz      1   3.50     473.20      45.22       0.00
     mol_0095_0001.xyz      1   3.50     448.85      51.75       0.00
     mol_0096_0001.xyz      1   3.50     436.67      48.62       0.00
     mol_0097_0001.xyz      1   3.50     429.41      55.46       0.00
     mol_0098_0001.xyz      1   3.50     414.96      36.58       0.00
     mol_0099_0001.xyz      1   3.50     547.16      45.08       0.00
     mol_0100_0001.xyz      1   3.50     460.44      48.31       0.00
     mol_0101_0001.xyz      1   3.50     540.33      46.24       0.00
     mol_0102_0001.xyz      1   3.50     437.70      52.99       0.00
     mol_0105_0001.xyz      1   3.50     437.38      48.64       0.00
     mol_0106_0001.xyz      1   3.50     389.67      50.64       0.00
     mol_0107_0001.xyz      1   3.50     327.55      62.98       0.00
     mol_0108_0001.xyz      1   3.50     527.04      41.14       0.00
     mol_0109_0001.xyz      1   3.50     396.30      56.85       0.00
     mol_0110_0001.xyz      1   3.50     545.31      45.09       0.00
     mol_0111_0001.xyz      1   3.50     496.95      45.29       0.00
     mol_0112_0001.xyz      1   3.50     541.65      63.42       0.00
     mol_0113_0001.xyz      1   3.50     549.73      54.00       0.00
     mol_0114_0001.xyz      1   3.50     601.82      51.66       0.00
     mol_0115_0001.xyz      1   3.50     409.75      55.80       0.00
     mol_0116_0001.xyz      1   3.50     461.04      55.95       0.00
     mol_0117_0001.xyz      1   3.50     460.26      45.71       0.00
     mol_0118_0001.xyz      1   3.50     408.09      50.41       0.00
     mol_0119_0001.xyz      1   3.50     388.85      54.01       0.00
     mol_0120_0001.xyz      1   3.50     489.44      67.45       0.00
     mol_0121_0001.xyz      1   3.50     386.91      52.09       0.00
     mol_0122_0001.xyz      1   3.50     234.10      41.04       0.00
     mol_0123_0001.xyz      1   3.50     485.06      53.72       0.00
     mol_0124_0001.xyz      1   3.50     281.21      46.15       0.00
     mol_0125_0001.xyz      1   3.50     448.45      44.74       0.00
     mol_0126_0001.xyz      1   3.50     512.10      61.47       0.00
     mol_0127_0001.xyz      1   3.50     565.99      45.35       0.00
     mol_0128_0001.xyz      1   3.50     477.40      54.29       0.00
     mol_0129_0001.xyz      1   3.50     433.21      58.36       0.00
     mol_0130_0001.xyz      1   3.50     482.29      62.63       0.00
     mol_0131_0001.xyz      1   3.50     426.29      61.24       0.00
     mol_0132_0001.xyz      1   3.50     530.93      53.16       0.00
     mol_0133_0001.xyz      1   3.50     411.36      60.26       0.00
     mol_0134_0001.xyz      1   3.50     504.92      59.36       0.00
     mol_0135_0001.xyz      1   3.50     432.57      50.44       0.00
     mol_0136_0001.xyz      1   3.50     303.66      49.33       0.00
     mol_0137_0001.xyz      1   3.50     420.66      48.04       0.00
     mol_0138_0001.xyz      1   3.50     302.13      61.78       0.00
     mol_0139_0001.xyz      1   3.50     362.00      54.27       0.00
     mol_0140_0001.xyz      1   3.50     352.29      49.87       0.00
     mol_0141_0001.xyz      1   3.50     430.89      45.26       0.00
     mol_0142_0001.xyz      1   3.50     428.77      55.19       0.00
     mol_0143_0001.xyz      1   3.50     407.93      65.30       0.00
     mol_0144_0001.xyz      1   3.50     425.05      51.08       0.00
     mol_0145_0001.xyz      1   3.50     351.25      44.75       0.00
     mol_0146_0001.xyz      1   3.50     442.72      47.19       0.00
     mol_0147_0001.xyz      1   3.50     404.77      52.30       0.00
     mol_0148_0001.xyz      1   3.50     450.96      59.40       0.00
     mol_0150_0001.xyz      1   3.50     467.01      55.88       0.00
     mol_0151_0001.xyz      1   3.50     355.79      60.80       0.00
     mol_0152_0001.xyz      1   3.50     572.28      60.85       0.00
     mol_0154_0001.xyz      1   3.50     421.62      45.24       0.00
     mol_0155_0001.xyz      1   3.50     448.57      49.41       0.00
     mol_0156_0001.xyz      1   3.50     423.63      39.90       0.00
     mol_0157_0001.xyz      1   3.50     378.70      46.70       0.00
     mol_0158_0001.xyz      1   3.50     454.77      48.59       0.00
     mol_0159_0001.xyz      1   3.50     459.07      57.74       0.00
     mol_0160_0001.xyz      1   3.50     314.96      50.85       0.00
     mol_0161_0001.xyz      1   3.50     479.50      45.09       0.00
     mol_0162_0001.xyz      1   3.50     555.71      49.89       0.00
     mol_0163_0001.xyz      1   3.50     520.83      47.69       0.00
     mol_0164_0001.xyz      1   3.50     481.91      60.41       0.00
     mol_0165_0001.xyz      1   3.50     513.87      60.12       0.00
     mol_0166_0001.xyz      1   3.50     406.72      44.65       0.00
     mol_0167_0001.xyz      1   3.50     350.19      53.15       0.00
     mol_0168_0001.xyz      1   3.50     405.97      60.35       0.00
     mol_0169_0001.xyz      1   3.50     531.15      47.03       0.00
     mol_0170_0001.xyz      1   3.50     443.19      59.16       0.00
     mol_0171_0001.xyz      1   3.50     455.86      47.16       0.00
     mol_0172_0001.xyz      1   3.50     427.19      49.28       0.00
     mol_0173_0001.xyz      1   3.50     335.65      52.25       0.00
     mol_0175_0001.xyz      1   3.50     466.21      54.87       0.00
     mol_0176_0001.xyz      1   3.50     496.73      46.49       0.00
     mol_0177_0001.xyz      1   3.50     387.37      51.02       0.00
     mol_0178_0001.xyz      1   3.50     386.38      67.60       0.00
     mol_0179_0001.xyz      1   3.50     336.15      56.57       0.00
     mol_0180_0001.xyz      1   3.50     552.42      50.92       0.00
     mol_0181_0001.xyz      1   3.50     493.29      47.26       0.00
     mol_0182_0001.xyz      1   3.50     341.69      47.03       0.00
     mol_0183_0001.xyz      1   3.50     339.80      55.42       0.00
     mol_0184_0001.xyz      1   3.50     434.51      61.26       0.00
     mol_0185_0001.xyz      1   3.50     373.92      46.01       0.00
     mol_0186_0001.xyz      1   3.50     543.30      48.69       0.00
     mol_0187_0001.xyz      1   3.50     534.27      45.07       0.00
     mol_0188_0001.xyz      1   3.50     404.78      47.19       0.00
     mol_0189_0001.xyz      1   3.50     467.44      35.73       0.00
     mol_0190_0001.xyz      1   3.50     422.90      46.10       0.00
     mol_0191_0001.xyz      1   3.50     498.40      54.19       0.00
     mol_0192_0001.xyz      1   3.50     355.54      50.97       0.00
     mol_0193_0001.xyz      1   3.50     493.95      49.96       0.00
     mol_0195_0001.xyz      1   3.50     518.21      58.39       0.00
     mol_0196_0001.xyz      1   3.50     403.20      55.70       0.00
     mol_0197_0001.xyz      1   3.50     479.02      54.33       0.00
     mol_0198_0001.xyz      1   3.50     350.74      55.03       0.00
     mol_0199_0001.xyz      1   3.50     475.31      49.58       0.00
     mol_0200_0001.xyz      1   3.50     338.38      34.22       0.00
     mol_0201_0001.xyz      1   3.50     386.77      59.48       0.00
     mol_0202_0001.xyz      1   3.50     431.48      61.61       0.00
     mol_0203_0001.xyz      1   3.50     481.84      57.86       0.00
     mol_0204_0001.xyz      1   3.50     475.93      60.24       0.00
     mol_0205_0001.xyz      1   3.50     484.24      41.82       0.00
     mol_0206_0001.xyz      1   3.50     568.05      64.67       0.00
     mol_0207_0001.xyz      1   3.50     354.22      43.67       0.00
     mol_0208_0001.xyz      1   3.50     426.10      53.73       0.00
     mol_0209_0001.xyz      1   3.50     495.07      59.22       0.00
     mol_0210_0001.xyz      1   3.50     480.05      50.51       0.00
     mol_0211_0001.xyz      1   3.50     371.03      47.90       0.00
     mol_0212_0001.xyz      1   3.50     395.10      47.10       0.00
     mol_0213_0001.xyz      1   3.50     500.09      54.83       0.00
     mol_0214_0001.xyz      1   3.50     478.71      47.77       0.00
     mol_0215_0001.xyz      1   3.50     311.36      45.21       0.00
     mol_0216_0001.xyz      1   3.50     515.94      55.12       0.00
     mol_0217_0001.xyz      1   3.50     365.99      55.86       0.00
     mol_0218_0001.xyz      1   3.50     446.12      49.62       0.00
     mol_0219_0001.xyz      1   3.50     502.42      50.74       0.00
     mol_0220_0001.xyz      1   3.50     414.41      67.12       0.00
     mol_0221_0001.xyz      1   3.50     386.19      50.76       0.00
     mol_0222_0001.xyz      1   3.50     532.39      51.84       0.00
     mol_0223_0001.xyz      1   3.50     483.80      56.09       0.00
     mol_0224_0001.xyz      1   3.50     431.93      51.87       0.00
     mol_0225_0001.xyz      1   3.50     561.04      45.44       0.00
     mol_0226_0001.xyz      1   3.50     488.35      56.46       0.00
     mol_0227_0001.xyz      1   3.50     419.73      48.56       0.00
     mol_0228_0001.xyz      1   3.50     477.21      54.74       0.00
     mol_0229_0001.xyz      1   3.50     411.70      53.58       0.00
     mol_0230_0001.xyz      1   3.50     403.81      53.64       0.00
     mol_0231_0001.xyz      1   3.50     549.23      53.79       0.00
     mol_0232_0001.xyz      1   3.50     530.37      31.69       0.00
     mol_0233_0001.xyz      1   3.50     562.34      48.05       0.00
     mol_0234_0001.xyz      1   3.50     368.21      48.83       0.00
     mol_0235_0001.xyz      1   3.50     427.26      69.73       0.00
     mol_0236_0001.xyz      1   3.50     448.35      57.50       0.00
     mol_0237_0001.xyz      1   3.50     572.94      52.28       0.00
     mol_0238_0001.xyz      1   3.50     402.91      45.86       0.00
     mol_0239_0001.xyz      1   3.50     494.82      50.31       0.00
     mol_0240_0001.xyz      1   3.50     387.46      50.88       0.00
     mol_0241_0001.xyz      1   3.50     567.81      61.10       0.00
     mol_0242_0001.xyz      1   3.50     429.59      54.25       0.00
     mol_0243_0001.xyz      1   3.50     377.81      50.07       0.00
     mol_0244_0001.xyz      1   3.50     475.34      50.68       0.00
     mol_0245_0001.xyz      1   3.50     499.32      52.36       0.00
     mol_0246_0001.xyz      1   3.50     384.59      47.70       0.00
     mol_0247_0001.xyz      1   3.50     541.56      48.62       0.00
     mol_0248_0001.xyz      1   3.50     283.75      52.67       0.00
     mol_0249_0001.xyz      1   3.50     275.46      52.22       0.00
     mol_0250_0001.xyz      1   3.50     470.04      51.47       0.00
     mol_0251_0001.xyz      1   3.50     522.99      64.92       0.00
     mol_0252_0001.xyz      1   3.50     440.46      50.71       0.00
     mol_0253_0001.xyz      1   3.50     370.48      48.69       0.00
     mol_0254_0001.xyz      1   3.50     585.79      45.09       0.00
     mol_0255_0001.xyz      1   3.50     475.53      58.34       0.00
     mol_0256_0001.xyz      1   3.50     407.18      45.92       0.00
     mol_0257_0001.xyz      1   3.50     418.41      49.73       0.00
     mol_0258_0001.xyz      1   3.50     495.68      57.78       0.00
     mol_0259_0001.xyz      1   3.50     432.97      50.83       0.00
     mol_0260_0001.xyz      1   3.50     372.91      56.76       0.00
     mol_0261_0001.xyz      1   3.50     414.17      45.07       0.00
     mol_0262_0001.xyz      1   3.50     465.99      45.31       0.00
     mol_0263_0001.xyz      1   3.50     369.32      37.27       0.00
     mol_0264_0001.xyz      1   3.50     520.23      48.57       0.00
     mol_0265_0001.xyz      1   3.50     352.53      42.35       0.00
     mol_0266_0001.xyz      1   3.50     439.36      55.00       0.00
     mol_0267_0001.xyz      1   3.50     478.87      50.28       0.00
     mol_0268_0001.xyz      1   3.50     344.89      45.30       0.00
     mol_0269_0001.xyz      1   3.50     365.72      46.46       0.00
     mol_0270_0001.xyz      1   3.50     376.56      28.03       0.00
     mol_0271_0001.xyz      1   3.50     403.77      44.73       0.00
     mol_0272_0001.xyz      1   3.50     387.82      46.86       0.00
     mol_0273_0001.xyz      1   3.50     497.04      52.85       0.00
     mol_0275_0001.xyz      1   3.50     337.99      61.83       0.00
     mol_0276_0001.xyz      1   3.50     462.08      59.18       0.00
     mol_0277_0001.xyz      1   3.50     601.43      47.50       0.00
     mol_0279_0001.xyz      1   3.50     422.72      38.23       0.00
     mol_0280_0001.xyz      1   3.50     324.40      44.77       0.00
     mol_0281_0001.xyz      1   3.50     327.12      55.66       0.00
     mol_0282_0001.xyz      1   3.50     476.22      63.65       0.00
     mol_0283_0001.xyz      1   3.50     443.11      48.26       0.00
     mol_0284_0001.xyz      1   3.50     385.77      50.58       0.00
     mol_0285_0001.xyz      1   3.50     432.67      49.31       0.00
     mol_0286_0001.xyz      1   3.50     395.31      61.19       0.00
     mol_0287_0001.xyz      1   3.50     400.87      47.36       0.00
     mol_0288_0001.xyz      1   3.50     536.60      51.51       0.00
     mol_0289_0001.xyz      1   3.50     367.88      56.98       0.00
     mol_0290_0001.xyz      1   3.50     405.44      54.74       0.00
     mol_0291_0001.xyz      1   3.50     414.44      59.42       0.00
     mol_0292_0001.xyz      1   3.50     538.90      59.73       0.00
     mol_0293_0001.xyz      1   3.50     331.60      48.60       0.00
     mol_0294_0001.xyz      1   3.50     265.00      51.61       0.00
     mol_0295_0001.xyz      1   3.50     381.10      54.90       0.00
     mol_0296_0001.xyz      1   3.50     344.64      50.77       0.00
     mol_0297_0001.xyz      1   3.50     464.87      49.77       0.00
     mol_0298_0001.xyz      1   3.50     307.62      48.45       0.00
     mol_0299_0001.xyz      1   3.50     421.04      59.35       0.00
     mol_0300_0001.xyz      1   3.50     413.39      62.65       0.00
     mol_0301_0001.xyz      1   3.50     485.07      58.26       0.00
     mol_0302_0001.xyz      1   3.50     550.38      48.63       0.00
     mol_0303_0001.xyz      1   3.50     491.05      48.58       0.00
     mol_0304_0001.xyz      1   3.50     515.15      46.22       0.00
     mol_0305_0001.xyz      1   3.50     596.97      54.47       0.00
     mol_0306_0001.xyz      1   3.50     462.57      49.65       0.00
     mol_0307_0001.xyz      1   3.50     416.93      48.73       0.00
     mol_0308_0001.xyz      1   3.50     432.73      55.76       0.00
     mol_0309_0001.xyz      1   3.50     590.90      64.33       0.00
     mol_0310_0001.xyz      1   3.50     501.09      45.08       0.00
     mol_0311_0001.xyz      1   3.50     459.81      59.30       0.00
     mol_0312_0001.xyz      1   3.50     472.79      30.97       0.00
     mol_0313_0001.xyz      1   3.50     404.59      46.79       0.00
     mol_0314_0001.xyz      1   3.50     375.23      52.83       0.00
     mol_0315_0001.xyz      1   3.50     406.32      45.63       0.00
     mol_0316_0001.xyz      1   3.50     444.53      52.83       0.00
     mol_0317_0001.xyz      1   3.50     472.89      55.12       0.00
     mol_0318_0001.xyz      1   3.50     535.01      50.46       0.00
     mol_0319_0001.xyz      1   3.50     388.25      56.16       0.00
     mol_0320_0001.xyz      1   3.50     371.68      58.64       0.00
     mol_0321_0001.xyz      1   3.50     535.69      51.11       0.00
     mol_0322_0001.xyz      1   3.50     465.12      68.46       0.00
     mol_0323_0001.xyz      1   3.50     407.90      45.70       0.00
     mol_0324_0001.xyz      1   3.50     453.04      45.10       0.00
     mol_0325_0001.xyz      1   3.50     362.16      49.31       0.00
     mol_0326_0001.xyz      1   3.50     488.14      60.18       0.00
     mol_0327_0001.xyz      1   3.50     509.02      55.93       0.00
     mol_0328_0001.xyz      1   3.50     371.15      43.71       0.00
     mol_0329_0001.xyz      1   3.50     454.70      50.45       0.00
     mol_0330_0001.xyz      1   3.50     479.56      48.82       0.00
     mol_0331_0001.xyz      1   3.50     540.75      50.47       0.00
     mol_0332_0001.xyz      1   3.50     300.11      55.34       0.00
     mol_0333_0001.xyz      1   3.50     450.96      55.52       0.00
     mol_0334_0001.xyz      1   3.50     351.83      61.50       0.00
     mol_0335_0001.xyz      1   3.50     416.52      56.75       0.00
     mol_0336_0001.xyz      1   3.50     562.46      45.10       0.00
     mol_0337_0001.xyz      1   3.50     414.10      53.37       0.00
     mol_0338_0001.xyz      1   3.50     432.73      52.13       0.00
     mol_0339_0001.xyz      1   3.50     521.72      52.21       0.00
     mol_0340_0001.xyz      1   3.50     390.53      47.24       0.00
     mol_0341_0001.xyz      1   3.50     396.33      56.73       0.00
     mol_0342_0001.xyz      1   3.50     448.91      45.88       0.00
     mol_0343_0001.xyz      1   3.50     367.65      50.87       0.00
     mol_0344_0001.xyz      1   3.50     395.41      56.36       0.00
     mol_0345_0001.xyz      1   3.50     368.09      47.67       0.00
     mol_0346_0001.xyz      1   3.50     558.45      51.84       0.00
     mol_0347_0001.xyz      1   3.50     332.90      45.47       0.00
     mol_0348_0001.xyz      1   3.50     533.25      56.08       0.00
     mol_0349_0001.xyz      1   3.50     490.24      45.11       0.00
     mol_0350_0001.xyz      1   3.50     404.28      55.55       0.00
     mol_0351_0001.xyz      1   3.50     279.71      54.41       0.00
     mol_0352_0001.xyz      1   3.50     480.63      45.22       0.00
     mol_0353_0001.xyz      1   3.50     457.62      48.59       0.00
     mol_0354_0001.xyz      1   3.50     616.80      54.04       0.00
     mol_0355_0001.xyz      1   3.50     440.48      53.24       0.00
     mol_0356_0001.xyz      1   3.50     411.30      48.64       0.00
     mol_0357_0001.xyz      1   3.50     410.59      46.77       0.00
     mol_0358_0001.xyz      1   3.50     441.48      47.68       0.00
     mol_0359_0001.xyz      1   3.50     444.30      44.45       0.00
     mol_0360_0001.xyz      1   3.50     501.86      52.04       0.00
     mol_0361_0001.xyz      1   3.50     298.74      48.86       0.00
     mol_0362_0001.xyz      1   3.50     528.57      45.07       0.00
     mol_0363_0001.xyz      1   3.50     497.85      49.13       0.00
     mol_0364_0001.xyz      1   3.50     540.06      55.86       0.00
     mol_0365_0001.xyz      1   3.50     497.81      46.15       0.00
     mol_0366_0001.xyz      1   3.50     477.91      48.67       0.00
     mol_0367_0001.xyz      1   3.50     479.66      53.61       0.00
     mol_0368_0001.xyz      1   3.50     469.14      63.80       0.00
     mol_0369_0001.xyz      1   3.50     307.91      46.22       0.00
     mol_0370_0001.xyz      1   3.50     393.83      51.26       0.00
     mol_0371_0001.xyz      1   3.50     409.33      52.42       0.00
     mol_0372_0001.xyz      1   3.50     423.76      55.44       0.00
     mol_0373_0001.xyz      1   3.50     459.64      48.57       0.00
     mol_0374_0001.xyz      1   3.50     446.88      65.45       0.00
     mol_0375_0001.xyz      1   3.50     507.28      47.57       0.00
     mol_0377_0001.xyz      1   3.50     448.20      52.89       0.00
     mol_0378_0001.xyz      1   3.50     367.95      59.96       0.00
     mol_0379_0001.xyz      1   3.50     305.12      49.78       0.00
     mol_0380_0001.xyz      1   3.50     432.83      54.45       0.00
     mol_0381_0001.xyz      1   3.50     438.23      48.57       0.00
     mol_0382_0001.xyz      1   3.50     447.19      54.16       0.00
     mol_0383_0001.xyz      1   3.50     326.08      34.06       0.00
     mol_0384_0001.xyz      1   3.50     438.31      52.47       0.00
     mol_0385_0001.xyz      1   3.50     446.90      50.75       0.00
     mol_0386_0001.xyz      1   3.50     282.86      47.48       0.00
     mol_0387_0001.xyz      1   3.50     493.75      48.77       0.00
     mol_0388_0001.xyz      1   3.50     482.92      44.57       0.00
     mol_0389_0001.xyz      1   3.50     456.00      55.84       0.00
     mol_0390_0001.xyz      1   3.50     448.84      46.47       0.00
     mol_0391_0001.xyz      1   3.50     376.07      58.69       0.00
     mol_0392_0001.xyz      1   3.50     491.03      46.40       0.00
     mol_0393_0001.xyz      1   3.50     414.74      54.68       0.00
     mol_0394_0001.xyz      1   3.50     506.85      53.85       0.00
     mol_0395_0001.xyz      1   3.50     546.19      53.95       0.00
     mol_0396_0001.xyz      1   3.50     429.47      55.67       0.00
     mol_0397_0001.xyz      1   3.50     470.93      39.70       0.00
     mol_0398_0001.xyz      1   3.50     419.45      59.55       0.00
     mol_0399_0001.xyz      1   3.50     435.35      45.35       0.00
     mol_0400_0001.xyz      1   3.50     483.65      57.53       0.00
     mol_0401_0001.xyz      1   3.50     386.19      45.08       0.00
     mol_0402_0001.xyz      1   3.50     601.68      55.53       0.00
     mol_0403_0001.xyz      1   3.50     475.11      45.98       0.00
     mol_0404_0001.xyz      1   3.50     390.89      58.82       0.00
     mol_0405_0001.xyz      1   3.50     394.27      58.92       0.00
     mol_0406_0001.xyz      1   3.50     389.32      58.49       0.00
     mol_0407_0001.xyz      1   3.50     394.06      51.13       0.00
     mol_0408_0001.xyz      1   3.50     389.69      59.79       0.00
     mol_0409_0001.xyz      1   3.50     390.56      48.62       0.00
     mol_0410_0001.xyz      1   3.50     379.61      50.44       0.00
     mol_0411_0001.xyz      1   3.50     490.47      53.63       0.00
     mol_0412_0001.xyz      1   3.50     489.59      59.76       0.00
     mol_0413_0001.xyz      1   3.50     479.75      49.62       0.00
     mol_0414_0001.xyz      1   3.50     417.50      55.32       0.00
     mol_0415_0001.xyz      1   3.50     407.93      58.40       0.00
     mol_0416_0001.xyz      1   3.50     494.36      48.19       0.00
     mol_0417_0001.xyz      1   3.50     373.51      48.48       0.00
     mol_0418_0001.xyz      1   3.50     366.58      49.14       0.00
     mol_0419_0001.xyz      1   3.50     528.14      57.24       0.00
     mol_0420_0001.xyz      1   3.50     545.25      50.21       0.00
     mol_0421_0001.xyz      1   3.50     281.94      55.86       0.00
     mol_0422_0001.xyz      1   3.50     403.28      65.63       0.00
     mol_0423_0001.xyz      1   3.50     435.53      55.26       0.00
     mol_0424_0001.xyz      1   3.50     376.95      58.86       0.00
     mol_0425_0001.xyz      1   3.50     454.74      31.00       0.00
     mol_0426_0001.xyz      1   3.50     417.16      52.02       0.00
     mol_0427_0001.xyz      1   3.50     461.91      59.52       0.00
     mol_0428_0001.xyz      1   3.50     476.35      65.09       0.00
     mol_0429_0001.xyz      1   3.50     434.54      54.86       0.00
     mol_0430_0001.xyz      1   3.50     456.54      47.78       0.00
     mol_0431_0001.xyz      1   3.50     473.68      49.89       0.00
     mol_0432_0001.xyz      1   3.50     356.18      61.08       0.00
     mol_0433_0001.xyz      1   3.50     481.02      56.41       0.00
     mol_0434_0001.xyz      1   3.50     480.95      44.54       0.00
     mol_0435_0001.xyz      1   3.50     417.85      54.58       0.00
     mol_0436_0001.xyz      1   3.50     261.69      30.63       0.00
     mol_0437_0001.xyz      1   3.50     415.70      64.70       0.00
     mol_0438_0001.xyz      1   3.50     301.78      62.92       0.00
     mol_0439_0001.xyz      1   3.50     499.66      45.10       0.00
     mol_0440_0001.xyz      1   3.50     427.58      45.16       0.00
     mol_0441_0001.xyz      1   3.50     503.03      51.79       0.00
     mol_0442_0001.xyz      1   3.50     318.95      51.15       0.00
     mol_0443_0001.xyz      1   3.50     354.46      48.87       0.00
     mol_0444_0001.xyz      1   3.50     397.83      57.78       0.00
     mol_0445_0001.xyz      1   3.50     380.49      54.84       0.00
     mol_0446_0001.xyz      1   3.50     542.52      48.84       0.00
     mol_0447_0001.xyz      1   3.50     342.49      53.53       0.00
     mol_0448_0001.xyz      1   3.50     364.01      52.65       0.00
     mol_0449_0001.xyz      1   3.50     361.93      48.65       0.00
     mol_0450_0001.xyz      1   3.50     482.20      59.48       0.00
     mol_0451_0001.xyz      1   3.50     421.16      54.24       0.00
     mol_0453_0001.xyz      1   3.50     395.59      57.80       0.00
     mol_0454_0001.xyz      1   3.50     501.74      58.33       0.00
     mol_0455_0001.xyz      1   3.50     314.78      40.87       0.00
     mol_0456_0001.xyz      1   3.50     360.23      58.10       0.00
     mol_0457_0001.xyz      1   3.50     393.93      51.23       0.00
     mol_0458_0001.xyz      1   3.50     518.02      50.85       0.00
     mol_0459_0001.xyz      1   3.50     532.97      53.91       0.00
     mol_0460_0001.xyz      1   3.50     413.43      51.99       0.00
     mol_0461_0001.xyz      1   3.50     382.24      45.52       0.00
     mol_0462_0001.xyz      1   3.50     361.95      61.64       0.00
     mol_0463_0001.xyz      1   3.50     495.96      45.09       0.00
     mol_0464_0001.xyz      1   3.50     565.04      45.09       0.00
     mol_0465_0001.xyz      1   3.50     333.93      55.19       0.00
     mol_0466_0001.xyz      1   3.50     472.20      48.66       0.00
     mol_0467_0001.xyz      1   3.50     392.56      57.60       0.00
     mol_0468_0001.xyz      1   3.50     362.04      62.87       0.00
     mol_0469_0001.xyz      1   3.50     385.09      54.15       0.00
     mol_0470_0001.xyz      1   3.50     374.54      56.62       0.00
     mol_0471_0001.xyz      1   3.50     532.47      58.93       0.00
     mol_0472_0001.xyz      1   3.50     342.80      49.61       0.00
     mol_0473_0001.xyz      1   3.50     409.27      45.09       0.00
     mol_0474_0001.xyz      1   3.50     469.14      60.98       0.00
     mol_0475_0001.xyz      1   3.50     386.22      53.04       0.00
     mol_0476_0001.xyz      1   3.50     421.76      48.66       0.00
     mol_0477_0001.xyz      1   3.50     579.53      68.18       0.00
     mol_0478_0001.xyz      1   3.50     436.68      46.26       0.00
     mol_0479_0001.xyz      1   3.50     515.50      45.08       0.00
     mol_0480_0001.xyz      1   3.50     506.31      55.74       0.00
     mol_0481_0001.xyz      1   3.50     402.50      43.84       0.00
     mol_0482_0001.xyz      1   3.50     451.89      61.87       0.00
     mol_0483_0001.xyz      1   3.50     409.34      54.39       0.00
     mol_0484_0001.xyz      1   3.50     433.72      44.60       0.00
     mol_0485_0001.xyz      1   3.50     497.49      63.60       0.00
     mol_0486_0001.xyz      1   3.50     355.30      55.74       0.00
     mol_0487_0001.xyz      1   3.50     508.66      50.47       0.00
     mol_0488_0001.xyz      1   3.50     485.09      63.54       0.00
     mol_0489_0001.xyz      1   3.50     433.36      48.39       0.00
     mol_0490_0001.xyz      1   3.50     472.38      47.95       0.00
     mol_0491_0001.xyz      1   3.50     541.36      47.08       0.00
     mol_0492_0001.xyz      1   3.50     429.32      44.83       0.00
     mol_0493_0001.xyz      1   3.50     360.25      51.99       0.00
     mol_0494_0001.xyz      1   3.50     401.13      57.98       0.00
     mol_0495_0001.xyz      1   3.50     293.65      48.61       0.00
     mol_0496_0001.xyz      1   3.50     362.97      45.10       0.00
     mol_0497_0001.xyz      1   3.50     347.57      48.83       0.00
     mol_0498_0001.xyz      1   3.50     425.84      61.67       0.00
     mol_0499_0001.xyz      1   3.50     353.17      50.02       0.00
   ------------------------------------------------------------------
