
   ·▄▄▄▄  ▄▄▄▄· .▄▄ ·▄▄▄▄▄▄▄▄ . ▄▄▄·
   ██▊ ██ ▐█ ▀█▊▐█ ▀.•██  ▀▄.▀·▐█ ▄█
   ▐█· ▐█▌▐█▀▀█▄▄▀▀▀█▄▐█.▊▐▀▀▊▄ ██▀·
   ██. ██ ██▄▊▐█▐█▄▊▐█▐█▌·▐█▄▄▌▐█▊·•
   ▀▀▀▀▀• ·▀▀▀▀  ▀▀▀▀ ▀▀▀  ▀▀▀ .▀   

   Buried volume (Vbur) will be computed
   Using density isodensity surface with cutoff value of 0.0016 au
   Cartesian grid-spacing will be determined by cube file(s)

                          File   Atom    R/Å    Mol_Vol     %V_Bur     %S_Bur
   --------------------------------------------------------------------------
     mol_0002_0001_medium.cube      1   3.50     294.88      46.31       0.00
     mol_0003_0001_medium.cube      1   3.50     295.38      34.59       0.00
     mol_0004_0001_medium.cube      1   3.50     344.66      36.84       0.00
     mol_0005_0001_medium.cube      1   3.50     329.08      47.24       0.00
     mol_0006_0001_medium.cube      1   3.50     345.59      35.07       0.00
     mol_0007_0001_medium.cube      1   3.50     364.22      46.27       0.00
     mol_0008_0001_medium.cube      1   3.50     283.59      36.79       0.00
     mol_0009_0001_medium.cube      1   3.50     503.79      40.19       0.00
     mol_0010_0001_medium.cube      1   3.50     343.15      38.69       0.00
     mol_0011_0001_medium.cube      1   3.50     381.11      36.73       0.00
     mol_0012_0001_medium.cube      1   3.50     321.27      46.63       0.00
     mol_0013_0001_medium.cube      1   3.50     419.89      43.80       0.00
     mol_0014_0001_medium.cube      1   3.50     382.38      43.21       0.00
     mol_0015_0001_medium.cube      1   3.50     373.74      47.01       0.00
     mol_0016_0001_medium.cube      1   3.50     354.43      38.88       0.00
     mol_0017_0001_medium.cube      1   3.50     438.06      36.00       0.00
     mol_0018_0001_medium.cube      1   3.50     355.60      35.02       0.00
     mol_0019_0001_medium.cube      1   3.50     365.52      50.91       0.00
     mol_0020_0001_medium.cube      1   3.50     382.58      45.33       0.00
     mol_0021_0001_medium.cube      1   3.50     342.04      51.67       0.00
     mol_0022_0001_medium.cube      1   3.50     397.79      45.51       0.00
     mol_0023_0001_medium.cube      1   3.50     412.69      42.79       0.00
     mol_0024_0001_medium.cube      1   3.50     240.20      41.64       0.00
     mol_0025_0001_medium.cube      1   3.50     319.21      43.54       0.00
     mol_0026_0001_medium.cube      1   3.50     338.10      52.03       0.00
     mol_0027_0001_medium.cube      1   3.50     350.97      50.22       0.00
     mol_0028_0001_medium.cube      1   3.50     227.22      39.54       0.00
     mol_0029_0001_medium.cube      1   3.50     359.93      39.16       0.00
     mol_0030_0001_medium.cube      1   3.50     503.10      36.27       0.00
     mol_0031_0001_medium.cube      1   3.50     319.62      49.77       0.00
     mol_0032_0001_medium.cube      1   3.50     347.30      46.74       0.00
     mol_0033_0001_medium.cube      1   3.50     430.17      35.47       0.00
     mol_0034_0001_medium.cube      1   3.50     478.66      45.02       0.00
     mol_0035_0001_medium.cube      1   3.50     356.84      39.06       0.00
     mol_0036_0001_medium.cube      1   3.50     344.20      48.19       0.00
     mol_0037_0001_medium.cube      1   3.50     409.50      44.13       0.00
     mol_0038_0001_medium.cube      1   3.50     367.13      48.04       0.00
     mol_0039_0001_medium.cube      1   3.50     381.99      53.97       0.00
     mol_0040_0001_medium.cube      1   3.50     227.06      32.06       0.00
     mol_0041_0001_medium.cube      1   3.50     304.37      58.38       0.00
     mol_0042_0001_medium.cube      1   3.50     327.92      49.87       0.00
     mol_0043_0001_medium.cube      1   3.50     466.02      51.40       0.00
     mol_0044_0001_medium.cube      1   3.50     384.09      44.43       0.00
     mol_0045_0001_medium.cube      1   3.50     257.97      44.95       0.00
     mol_0046_0001_medium.cube      1   3.50     367.56      50.54       0.00
     mol_0047_0001_medium.cube      1   3.50     386.81      45.29       0.00
     mol_0048_0001_medium.cube      1   3.50     300.30      48.04       0.00
     mol_0049_0001_medium.cube      1   3.50     359.76      48.32       0.00
     mol_0050_0001_medium.cube      1   3.50     389.32      45.25       0.00
     mol_0051_0001_medium.cube      1   3.50     373.02      49.84       0.00
     mol_0052_0001_medium.cube      1   3.50     371.03      38.97       0.00
     mol_0054_0001_medium.cube      1   3.50     373.74      41.78       0.00
     mol_0055_0001_medium.cube      1   3.50     378.02      41.49       0.00
     mol_0056_0001_medium.cube      1   3.50     328.10      40.38       0.00
     mol_0057_0001_medium.cube      1   3.50     247.65      36.83       0.00
     mol_0058_0001_medium.cube      1   3.50     376.46      57.86       0.00
     mol_0059_0001_medium.cube      1   3.50     372.33      36.06       0.00
     mol_0060_0001_medium.cube      1   3.50     291.02      42.55       0.00
     mol_0061_0001_medium.cube      1   3.50     251.36      49.89       0.00
     mol_0062_0001_medium.cube      1   3.50     258.30      47.80       0.00
     mol_0063_0001_medium.cube      1   3.50     362.82      54.38       0.00
     mol_0064_0001_medium.cube      1   3.50     428.19      34.53       0.00
     mol_0065_0001_medium.cube      1   3.50     439.51      45.10       0.00
     mol_0066_0001_medium.cube      1   3.50     373.46      37.82       0.00
     mol_0067_0001_medium.cube      1   3.50     481.03      38.08       0.00
     mol_0068_0001_medium.cube      1   3.50     369.28      51.07       0.00
     mol_0069_0001_medium.cube      1   3.50     399.05      40.33       0.00
     mol_0070_0001_medium.cube      1   3.50     373.48      46.05       0.00
     mol_0071_0001_medium.cube      1   3.50     396.42      56.41       0.00
     mol_0072_0001_medium.cube      1   3.50     427.66      43.45       0.00
     mol_0073_0001_medium.cube      1   3.50     344.61      56.43       0.00
     mol_0074_0001_medium.cube      1   3.50     345.86      40.18       0.00
     mol_0075_0001_medium.cube      1   3.50     362.30      46.71       0.00
     mol_0076_0001_medium.cube      1   3.50     340.57      48.81       0.00
     mol_0077_0001_medium.cube      1   3.50     387.92      41.75       0.00
     mol_0078_0001_medium.cube      1   3.50     342.10      41.36       0.00
     mol_0079_0001_medium.cube      1   3.50     355.07      44.10       0.00
     mol_0080_0001_medium.cube      1   3.50     376.50      43.64       0.00
     mol_0081_0001_medium.cube      1   3.50     431.70      52.86       0.00
     mol_0082_0001_medium.cube      1   3.50     394.62      47.63       0.00
     mol_0083_0001_medium.cube      1   3.50     355.77      41.85       0.00
     mol_0084_0001_medium.cube      1   3.50     406.55      34.36       0.00
     mol_0085_0001_medium.cube      1   3.50     386.32      45.84       0.00
     mol_0086_0001_medium.cube      1   3.50     354.77      54.27       0.00
     mol_0088_0001_medium.cube      1   3.50     281.00      47.44       0.00
     mol_0089_0001_medium.cube      1   3.50     297.88      50.00       0.00
     mol_0090_0001_medium.cube      1   3.50     390.94      43.05       0.00
     mol_0091_0001_medium.cube      1   3.50     365.76      36.16       0.00
     mol_0092_0001_medium.cube      1   3.50     365.47      42.90       0.00
     mol_0093_0001_medium.cube      1   3.50     283.20      45.70       0.00
     mol_0094_0001_medium.cube      1   3.50     385.56      37.83       0.00
     mol_0095_0001_medium.cube      1   3.50     371.23      40.34       0.00
     mol_0096_0001_medium.cube      1   3.50     360.62      38.99       0.00
     mol_0097_0001_medium.cube      1   3.50     372.87      46.26       0.00
     mol_0098_0001_medium.cube      1   3.50     356.65      32.81       0.00
     mol_0099_0001_medium.cube      1   3.50     459.76      36.06       0.00
     mol_0100_0001_medium.cube      1   3.50     379.02      40.11       0.00
     mol_0101_0001_medium.cube      1   3.50     468.32      37.84       0.00
     mol_0102_0001_medium.cube      1   3.50     340.29      42.40       0.00
     mol_0105_0001_medium.cube      1   3.50     358.56      39.05       0.00
     mol_0106_0001_medium.cube      1   3.50     325.56      41.47       0.00
     mol_0107_0001_medium.cube      1   3.50     266.32      52.03       0.00
     mol_0108_0001_medium.cube      1   3.50     465.39      39.19       0.00
     mol_0109_0001_medium.cube      1   3.50     321.97      49.54       0.00
     mol_0110_0001_medium.cube      1   3.50     448.66      36.10       0.00
     mol_0111_0001_medium.cube      1   3.50     393.41      37.20       0.00
     mol_0112_0001_medium.cube      1   3.50     436.90      52.85       0.00
     mol_0113_0001_medium.cube      1   3.50     466.67      43.15       0.00
     mol_0114_0001_medium.cube      1   3.50     504.05      42.52       0.00
     mol_0115_0001_medium.cube      1   3.50     339.85      44.36       0.00
     mol_0116_0001_medium.cube      1   3.50     374.09      43.36       0.00
     mol_0117_0001_medium.cube      1   3.50     381.65      37.19       0.00
     mol_0118_0001_medium.cube      1   3.50     341.66      41.54       0.00
     mol_0119_0001_medium.cube      1   3.50     331.94      46.02       0.00
     mol_0120_0001_medium.cube      1   3.50     385.98      58.87       0.00
     mol_0121_0001_medium.cube      1   3.50     307.27      40.71       0.00
     mol_0122_0001_medium.cube      1   3.50     202.24      37.74       0.00
     mol_0123_0001_medium.cube      1   3.50     387.89      41.19       0.00
     mol_0124_0001_medium.cube      1   3.50     242.31      38.66       0.00
     mol_0125_0001_medium.cube      1   3.50     370.07      35.48       0.00
     mol_0126_0001_medium.cube      1   3.50     402.54      54.76       0.00
     mol_0127_0001_medium.cube      1   3.50     476.69      36.39       0.00
     mol_0128_0001_medium.cube      1   3.50     387.20      48.57       0.00
     mol_0129_0001_medium.cube      1   3.50     360.91      50.04       0.00
     mol_0130_0001_medium.cube      1   3.50     427.13      60.17       0.00
     mol_0131_0001_medium.cube      1   3.50     354.70      51.20       0.00
     mol_0132_0001_medium.cube      1   3.50     450.52      43.23       0.00
     mol_0133_0001_medium.cube      1   3.50     324.23      48.96       0.00
     mol_0134_0001_medium.cube      1   3.50     395.17      47.65       0.00
     mol_0135_0001_medium.cube      1   3.50     349.39      37.49       0.00
     mol_0136_0001_medium.cube      1   3.50     241.41      40.83       0.00
     mol_0137_0001_medium.cube      1   3.50     346.72      38.03       0.00
     mol_0138_0001_medium.cube      1   3.50     237.97      51.71       0.00
     mol_0139_0001_medium.cube      1   3.50     292.90      43.81       0.00
     mol_0140_0001_medium.cube      1   3.50     271.39      38.38       0.00
     mol_0141_0001_medium.cube      1   3.50     355.29      36.61       0.00
     mol_0142_0001_medium.cube      1   3.50     361.10      44.37       0.00
     mol_0143_0001_medium.cube      1   3.50     313.98      54.63       0.00
     mol_0144_0001_medium.cube      1   3.50     351.22      41.52       0.00
     mol_0145_0001_medium.cube      1   3.50     287.17      36.08       0.00
     mol_0146_0001_medium.cube      1   3.50     351.82      38.75       0.00
     mol_0147_0001_medium.cube      1   3.50     339.93      44.40       0.00
     mol_0148_0001_medium.cube      1   3.50     370.06      47.48       0.00
     mol_0150_0001_medium.cube      1   3.50     396.67      45.58       0.00
     mol_0151_0001_medium.cube      1   3.50     292.98      49.78       0.00
     mol_0152_0001_medium.cube      1   3.50     476.35      52.55       0.00
     mol_0154_0001_medium.cube      1   3.50     352.41      37.61       0.00
     mol_0155_0001_medium.cube      1   3.50     363.06      38.41       0.00
     mol_0156_0001_medium.cube      1   3.50     350.56      37.23       0.00
     mol_0157_0001_medium.cube      1   3.50     317.87      38.25       0.00
     mol_0158_0001_medium.cube      1   3.50     362.50      39.21       0.00
     mol_0159_0001_medium.cube      1   3.50     376.39      48.39       0.00
     mol_0160_0001_medium.cube      1   3.50     275.51      42.60       0.00
     mol_0161_0001_medium.cube      1   3.50     410.22      36.09       0.00
     mol_0162_0001_medium.cube      1   3.50     447.11      45.77       0.00
     mol_0163_0001_medium.cube      1   3.50     426.83      41.98       0.00
     mol_0164_0001_medium.cube      1   3.50     400.59      52.11       0.00
     mol_0165_0001_medium.cube      1   3.50     435.10      50.69       0.00
     mol_0166_0001_medium.cube      1   3.50     339.24      35.65       0.00
     mol_0167_0001_medium.cube      1   3.50     299.84      45.28       0.00
     mol_0168_0001_medium.cube      1   3.50     340.96      50.90       0.00
     mol_0169_0001_medium.cube      1   3.50     429.55      38.63       0.00
     mol_0170_0001_medium.cube      1   3.50     363.21      49.83       0.00
     mol_0171_0001_medium.cube      1   3.50     377.76      35.01       0.00
     mol_0172_0001_medium.cube      1   3.50     328.92      37.52       0.00
     mol_0173_0001_medium.cube      1   3.50     287.06      45.69       0.00
     mol_0175_0001_medium.cube      1   3.50     368.03      44.72       0.00
     mol_0176_0001_medium.cube      1   3.50     406.49      37.06       0.00
     mol_0177_0001_medium.cube      1   3.50     323.95      42.85       0.00
     mol_0178_0001_medium.cube      1   3.50     303.88      57.72       0.00
     mol_0179_0001_medium.cube      1   3.50     273.16      48.96       0.00
     mol_0180_0001_medium.cube      1   3.50     444.33      38.45       0.00
     mol_0181_0001_medium.cube      1   3.50     391.86      36.60       0.00
     mol_0182_0001_medium.cube      1   3.50     300.25      39.87       0.00
     mol_0183_0001_medium.cube      1   3.50     276.01      43.94       0.00
     mol_0184_0001_medium.cube      1   3.50     363.02      52.61       0.00
     mol_0185_0001_medium.cube      1   3.50     301.95      38.53       0.00
     mol_0186_0001_medium.cube      1   3.50     452.21      39.33       0.00
     mol_0187_0001_medium.cube      1   3.50     450.84      35.96       0.00
     mol_0188_0001_medium.cube      1   3.50     336.61      37.42       0.00
     mol_0189_0001_medium.cube      1   3.50     383.59      30.65       0.00
     mol_0190_0001_medium.cube      1   3.50     357.50      34.43       0.00
     mol_0191_0001_medium.cube      1   3.50     418.72      44.76       0.00
     mol_0192_0001_medium.cube      1   3.50     292.51      42.30       0.00
     mol_0193_0001_medium.cube      1   3.50     401.23      40.86       0.00
     mol_0195_0001_medium.cube      1   3.50     436.80      50.27       0.00
     mol_0196_0001_medium.cube      1   3.50     338.29      45.94       0.00
     mol_0197_0001_medium.cube      1   3.50     386.65      42.63       0.00
     mol_0198_0001_medium.cube      1   3.50     274.18      47.60       0.00
     mol_0199_0001_medium.cube      1   3.50     383.47      38.21       0.00
     mol_0200_0001_medium.cube      1   3.50     299.85      31.32       0.00
     mol_0201_0001_medium.cube      1   3.50     321.74      49.90       0.00
     mol_0202_0001_medium.cube      1   3.50     367.44      53.51       0.00
     mol_0203_0001_medium.cube      1   3.50     393.65      52.34       0.00
     mol_0204_0001_medium.cube      1   3.50     382.78      48.50       0.00
     mol_0205_0001_medium.cube      1   3.50     421.96      39.46       0.00
     mol_0206_0001_medium.cube      1   3.50     463.64      58.66       0.00
     mol_0207_0001_medium.cube      1   3.50     285.45      35.04       0.00
     mol_0208_0001_medium.cube      1   3.50     332.08      41.10       0.00
     mol_0209_0001_medium.cube      1   3.50     398.34      52.09       0.00
     mol_0210_0001_medium.cube      1   3.50     387.03      37.73       0.00
     mol_0211_0001_medium.cube      1   3.50     320.84      45.39       0.00
     mol_0212_0001_medium.cube      1   3.50     337.09      38.47       0.00
     mol_0213_0001_medium.cube      1   3.50     397.60      48.79       0.00
     mol_0214_0001_medium.cube      1   3.50     387.83      37.91       0.00
     mol_0215_0001_medium.cube      1   3.50     260.96      36.43       0.00
     mol_0216_0001_medium.cube      1   3.50     404.06      45.71       0.00
     mol_0217_0001_medium.cube      1   3.50     278.25      43.74       0.00
     mol_0218_0001_medium.cube      1   3.50     376.99      39.41       0.00
     mol_0219_0001_medium.cube      1   3.50     401.33      38.32       0.00
     mol_0220_0001_medium.cube      1   3.50     338.95      57.79       0.00
     mol_0221_0001_medium.cube      1   3.50     303.44      38.52       0.00
     mol_0222_0001_medium.cube      1   3.50     439.44      41.68       0.00
     mol_0223_0001_medium.cube      1   3.50     406.94      44.69       0.00
     mol_0224_0001_medium.cube      1   3.50     360.94      42.85       0.00
     mol_0225_0001_medium.cube      1   3.50     468.92      36.79       0.00
     mol_0226_0001_medium.cube      1   3.50     400.52      47.15       0.00
     mol_0227_0001_medium.cube      1   3.50     362.45      38.71       0.00
     mol_0228_0001_medium.cube      1   3.50     387.93      41.97       0.00
     mol_0229_0001_medium.cube      1   3.50     325.23      41.17       0.00
     mol_0230_0001_medium.cube      1   3.50     310.14      42.55       0.00
     mol_0231_0001_medium.cube      1   3.50     439.59      44.33       0.00
     mol_0232_0001_medium.cube      1   3.50     450.77      28.19       0.00
     mol_0233_0001_medium.cube      1   3.50     456.87      40.27       0.00
     mol_0234_0001_medium.cube      1   3.50     286.31      37.04       0.00
     mol_0235_0001_medium.cube      1   3.50     350.30      62.22       0.00
     mol_0236_0001_medium.cube      1   3.50     374.67      48.74       0.00
     mol_0237_0001_medium.cube      1   3.50     459.22      40.90       0.00
     mol_0238_0001_medium.cube      1   3.50     336.74      38.28       0.00
     mol_0239_0001_medium.cube      1   3.50     419.90      41.31       0.00
     mol_0240_0001_medium.cube      1   3.50     307.12      41.44       0.00
     mol_0241_0001_medium.cube      1   3.50     450.23      51.57       0.00
     mol_0242_0001_medium.cube      1   3.50     360.54      43.98       0.00
     mol_0243_0001_medium.cube      1   3.50     297.37      38.72       0.00
     mol_0244_0001_medium.cube      1   3.50     384.12      38.15       0.00
     mol_0245_0001_medium.cube      1   3.50     423.32      43.08       0.00
     mol_0246_0001_medium.cube      1   3.50     335.91      44.07       0.00
     mol_0247_0001_medium.cube      1   3.50     457.20      38.77       0.00
     mol_0248_0001_medium.cube      1   3.50     239.64      43.58       0.00
     mol_0249_0001_medium.cube      1   3.50     215.14      41.56       0.00
     mol_0250_0001_medium.cube      1   3.50     377.80      43.57       0.00
     mol_0251_0001_medium.cube      1   3.50     421.96      54.75       0.00
     mol_0252_0001_medium.cube      1   3.50     353.95      42.86       0.00
     mol_0253_0001_medium.cube      1   3.50     299.55      43.90       0.00
     mol_0254_0001_medium.cube      1   3.50     492.77      36.15       0.00
     mol_0255_0001_medium.cube      1   3.50     411.36      56.82       0.00
     mol_0256_0001_medium.cube      1   3.50     338.02      36.63       0.00
     mol_0257_0001_medium.cube      1   3.50     340.23      39.12       0.00
     mol_0258_0001_medium.cube      1   3.50     400.96      53.01       0.00
     mol_0259_0001_medium.cube      1   3.50     379.84      47.78       0.00
     mol_0260_0001_medium.cube      1   3.50     296.79      45.02       0.00
     mol_0261_0001_medium.cube      1   3.50     344.43      35.89       0.00
     mol_0262_0001_medium.cube      1   3.50     367.99      37.13       0.00
     mol_0263_0001_medium.cube      1   3.50     288.67      33.18       0.00
     mol_0264_0001_medium.cube      1   3.50     414.41      39.15       0.00
     mol_0265_0001_medium.cube      1   3.50     297.47      38.28       0.00
     mol_0266_0001_medium.cube      1   3.50     340.47      43.06       0.00
     mol_0267_0001_medium.cube      1   3.50     405.66      41.47       0.00
     mol_0268_0001_medium.cube      1   3.50     274.58      35.81       0.00
     mol_0269_0001_medium.cube      1   3.50     319.36      36.44       0.00
     mol_0270_0001_medium.cube      1   3.50     315.60      26.79       0.00
     mol_0271_0001_medium.cube      1   3.50     321.63      36.13       0.00
     mol_0272_0001_medium.cube      1   3.50     319.89      37.39       0.00
     mol_0273_0001_medium.cube      1   3.50     411.51      44.13       0.00
     mol_0275_0001_medium.cube      1   3.50     265.14      51.38       0.00
     mol_0276_0001_medium.cube      1   3.50     385.96      54.92       0.00
     mol_0277_0001_medium.cube      1   3.50     471.36      37.67       0.00
     mol_0279_0001_medium.cube      1   3.50     362.88      35.04       0.00
     mol_0280_0001_medium.cube      1   3.50     267.46      34.27       0.00
     mol_0281_0001_medium.cube      1   3.50     263.48      45.29       0.00
     mol_0282_0001_medium.cube      1   3.50     389.02      52.33       0.00
     mol_0283_0001_medium.cube      1   3.50     365.12      38.07       0.00
     mol_0284_0001_medium.cube      1   3.50     303.36      39.02       0.00
     mol_0285_0001_medium.cube      1   3.50     328.38      37.83       0.00
     mol_0286_0001_medium.cube      1   3.50     333.93      52.97       0.00
     mol_0287_0001_medium.cube      1   3.50     328.46      37.29       0.00
     mol_0288_0001_medium.cube      1   3.50     463.75      47.48       0.00
     mol_0289_0001_medium.cube      1   3.50     293.26      44.94       0.00
     mol_0290_0001_medium.cube      1   3.50     322.91      42.83       0.00
     mol_0291_0001_medium.cube      1   3.50     334.45      47.75       0.00
     mol_0292_0001_medium.cube      1   3.50     433.01      49.02       0.00
     mol_0293_0001_medium.cube      1   3.50     270.37      38.90       0.00
     mol_0294_0001_medium.cube      1   3.50     214.66      40.27       0.00
     mol_0295_0001_medium.cube      1   3.50     295.22      41.88       0.00
     mol_0296_0001_medium.cube      1   3.50     286.58      39.37       0.00
     mol_0297_0001_medium.cube      1   3.50     378.26      44.88       0.00
     mol_0298_0001_medium.cube      1   3.50     254.83      43.58       0.00
     mol_0299_0001_medium.cube      1   3.50     336.94      48.74       0.00
     mol_0300_0001_medium.cube      1   3.50     355.16      51.53       0.00
     mol_0301_0001_medium.cube      1   3.50     409.10      53.50       0.00
     mol_0302_0001_medium.cube      1   3.50     447.20      39.01       0.00
     mol_0303_0001_medium.cube      1   3.50     425.77      39.04       0.00
     mol_0304_0001_medium.cube      1   3.50     415.24      35.01       0.00
     mol_0305_0001_medium.cube      1   3.50     487.46      46.71       0.00
     mol_0306_0001_medium.cube      1   3.50     373.60      40.42       0.00
     mol_0307_0001_medium.cube      1   3.50     340.07      39.14       0.00
     mol_0308_0001_medium.cube      1   3.50     351.58      43.43       0.00
     mol_0309_0001_medium.cube      1   3.50     478.00      55.03       0.00
     mol_0310_0001_medium.cube      1   3.50     409.21      35.97       0.00
     mol_0311_0001_medium.cube      1   3.50     369.90      48.88       0.00
     mol_0312_0001_medium.cube      1   3.50     404.77      28.46       0.00
     mol_0313_0001_medium.cube      1   3.50     329.87      36.96       0.00
     mol_0314_0001_medium.cube      1   3.50     311.10      42.76       0.00
     mol_0315_0001_medium.cube      1   3.50     325.62      36.02       0.00
     mol_0316_0001_medium.cube      1   3.50     374.90      44.96       0.00
     mol_0317_0001_medium.cube      1   3.50     385.16      44.01       0.00
     mol_0318_0001_medium.cube      1   3.50     421.80      37.75       0.00
     mol_0319_0001_medium.cube      1   3.50     307.73      44.08       0.00
     mol_0320_0001_medium.cube      1   3.50     297.92      52.61       0.00
     mol_0321_0001_medium.cube      1   3.50     426.46      41.75       0.00
     mol_0322_0001_medium.cube      1   3.50     376.78      59.46       0.00
     mol_0323_0001_medium.cube      1   3.50     331.82      36.07       0.00
     mol_0324_0001_medium.cube      1   3.50     374.37      36.25       0.00
     mol_0325_0001_medium.cube      1   3.50     293.76      37.90       0.00
     mol_0326_0001_medium.cube      1   3.50     390.36      48.38       0.00
     mol_0327_0001_medium.cube      1   3.50     443.92      50.76       0.00
     mol_0328_0001_medium.cube      1   3.50     290.95      34.82       0.00
     mol_0329_0001_medium.cube      1   3.50     359.46      37.59       0.00
     mol_0330_0001_medium.cube      1   3.50     428.33      45.53       0.00
     mol_0331_0001_medium.cube      1   3.50     440.86      37.47       0.00
     mol_0332_0001_medium.cube      1   3.50     242.26      48.95       0.00
     mol_0333_0001_medium.cube      1   3.50     357.16      45.59       0.00
     mol_0334_0001_medium.cube      1   3.50     270.29      49.71       0.00
     mol_0335_0001_medium.cube      1   3.50     349.75      49.19       0.00
     mol_0336_0001_medium.cube      1   3.50     473.44      36.01       0.00
     mol_0337_0001_medium.cube      1   3.50     334.76      43.68       0.00
     mol_0338_0001_medium.cube      1   3.50     370.23      43.74       0.00
     mol_0339_0001_medium.cube      1   3.50     435.51      47.64       0.00
     mol_0340_0001_medium.cube      1   3.50     301.19      42.36       0.00
     mol_0341_0001_medium.cube      1   3.50     319.73      50.59       0.00
     mol_0342_0001_medium.cube      1   3.50     374.12      36.60       0.00
     mol_0343_0001_medium.cube      1   3.50     319.23      41.75       0.00
     mol_0344_0001_medium.cube      1   3.50     339.34      47.72       0.00
     mol_0345_0001_medium.cube      1   3.50     310.54      44.48       0.00
     mol_0346_0001_medium.cube      1   3.50     444.79      40.31       0.00
     mol_0347_0001_medium.cube      1   3.50     262.84      39.06       0.00
     mol_0348_0001_medium.cube      1   3.50     423.41      43.99       0.00
     mol_0349_0001_medium.cube      1   3.50     407.93      35.97       0.00
     mol_0350_0001_medium.cube      1   3.50     337.91      48.04       0.00
     mol_0351_0001_medium.cube      1   3.50     212.07      43.14       0.00
     mol_0352_0001_medium.cube      1   3.50     396.91      36.49       0.00
     mol_0353_0001_medium.cube      1   3.50     386.31      39.14       0.00
     mol_0354_0001_medium.cube      1   3.50     503.23      45.82       0.00
     mol_0355_0001_medium.cube      1   3.50     366.94      47.95       0.00
     mol_0356_0001_medium.cube      1   3.50     353.44      39.04       0.00
     mol_0357_0001_medium.cube      1   3.50     355.64      38.12       0.00
     mol_0358_0001_medium.cube      1   3.50     369.23      37.67       0.00
     mol_0359_0001_medium.cube      1   3.50     357.67      35.82       0.00
     mol_0360_0001_medium.cube      1   3.50     418.63      43.39       0.00
     mol_0361_0001_medium.cube      1   3.50     248.78      39.00       0.00
     mol_0362_0001_medium.cube      1   3.50     439.83      35.99       0.00
     mol_0363_0001_medium.cube      1   3.50     401.60      39.25       0.00
     mol_0364_0001_medium.cube      1   3.50     422.15      43.56       0.00
     mol_0365_0001_medium.cube      1   3.50     403.27      34.84       0.00
     mol_0366_0001_medium.cube      1   3.50     409.20      40.12       0.00
     mol_0367_0001_medium.cube      1   3.50     395.09      44.32       0.00
     mol_0368_0001_medium.cube      1   3.50     388.74      56.12       0.00
     mol_0369_0001_medium.cube      1   3.50     265.73      34.87       0.00
     mol_0370_0001_medium.cube      1   3.50     318.97      41.58       0.00
     mol_0371_0001_medium.cube      1   3.50     349.81      46.91       0.00
     mol_0372_0001_medium.cube      1   3.50     368.86      47.46       0.00
     mol_0373_0001_medium.cube      1   3.50     373.77      39.21       0.00
     mol_0374_0001_medium.cube      1   3.50     362.22      55.39       0.00
     mol_0375_0001_medium.cube      1   3.50     405.11      35.72       0.00
     mol_0377_0001_medium.cube      1   3.50     386.28      48.39       0.00
     mol_0378_0001_medium.cube      1   3.50     303.15      52.50       0.00
     mol_0379_0001_medium.cube      1   3.50     277.08      47.54       0.00
     mol_0380_0001_medium.cube      1   3.50     331.80      41.99       0.00
     mol_0381_0001_medium.cube      1   3.50     364.89      39.02       0.00
     mol_0382_0001_medium.cube      1   3.50     368.56      43.86       0.00
     mol_0383_0001_medium.cube      1   3.50     267.15      30.89       0.00
     mol_0384_0001_medium.cube      1   3.50     363.19      43.61       0.00
     mol_0385_0001_medium.cube      1   3.50     352.34      43.20       0.00
     mol_0386_0001_medium.cube      1   3.50     215.28      38.13       0.00
     mol_0387_0001_medium.cube      1   3.50     390.56      39.06       0.00
     mol_0388_0001_medium.cube      1   3.50     391.64      35.62       0.00
     mol_0389_0001_medium.cube      1   3.50     367.97      43.81       0.00
     mol_0390_0001_medium.cube      1   3.50     376.68      42.53       0.00
     mol_0391_0001_medium.cube      1   3.50     320.03      49.63       0.00
     mol_0392_0001_medium.cube      1   3.50     411.01      38.03       0.00
     mol_0393_0001_medium.cube      1   3.50     340.34      45.11       0.00
     mol_0394_0001_medium.cube      1   3.50     418.10      45.00       0.00
     mol_0395_0001_medium.cube      1   3.50     438.73      44.17       0.00
     mol_0396_0001_medium.cube      1   3.50     358.85      47.01       0.00
     mol_0397_0001_medium.cube      1   3.50     394.47      35.74       0.00
     mol_0398_0001_medium.cube      1   3.50     335.08      49.42       0.00
     mol_0399_0001_medium.cube      1   3.50     365.46      36.35       0.00
     mol_0400_0001_medium.cube      1   3.50     394.80      47.04       0.00
     mol_0401_0001_medium.cube      1   3.50     330.06      36.19       0.00
     mol_0402_0001_medium.cube      1   3.50     491.58      50.70       0.00
     mol_0403_0001_medium.cube      1   3.50     392.17      36.42       0.00
     mol_0404_0001_medium.cube      1   3.50     320.60      49.86       0.00
     mol_0405_0001_medium.cube      1   3.50     316.54      46.88       0.00
     mol_0406_0001_medium.cube      1   3.50     304.32      46.30       0.00
     mol_0407_0001_medium.cube      1   3.50     328.27      41.56       0.00
     mol_0408_0001_medium.cube      1   3.50     324.28      48.02       0.00
     mol_0409_0001_medium.cube      1   3.50     314.12      38.84       0.00
     mol_0410_0001_medium.cube      1   3.50     295.14      37.68       0.00
     mol_0411_0001_medium.cube      1   3.50     389.94      40.61       0.00
     mol_0412_0001_medium.cube      1   3.50     396.43      48.55       0.00
     mol_0413_0001_medium.cube      1   3.50     385.38      38.80       0.00
     mol_0414_0001_medium.cube      1   3.50     335.17      45.21       0.00
     mol_0415_0001_medium.cube      1   3.50     329.68      46.94       0.00
     mol_0416_0001_medium.cube      1   3.50     419.62      37.93       0.00
     mol_0417_0001_medium.cube      1   3.50     318.17      39.16       0.00
     mol_0418_0001_medium.cube      1   3.50     284.31      37.23       0.00
     mol_0419_0001_medium.cube      1   3.50     430.86      46.80       0.00
     mol_0420_0001_medium.cube      1   3.50     437.10      41.23       0.00
     mol_0421_0001_medium.cube      1   3.50     218.62      43.74       0.00
     mol_0422_0001_medium.cube      1   3.50     334.31      56.93       0.00
     mol_0423_0001_medium.cube      1   3.50     361.47      46.94       0.00
     mol_0424_0001_medium.cube      1   3.50     296.64      53.71       0.00
     mol_0425_0001_medium.cube      1   3.50     372.30      28.40       0.00
     mol_0426_0001_medium.cube      1   3.50     356.44      43.38       0.00
     mol_0427_0001_medium.cube      1   3.50     382.12      50.03       0.00
     mol_0428_0001_medium.cube      1   3.50     376.27      54.26       0.00
     mol_0429_0001_medium.cube      1   3.50     363.70      49.11       0.00
     mol_0430_0001_medium.cube      1   3.50     369.17      36.99       0.00
     mol_0431_0001_medium.cube      1   3.50     389.74      42.56       0.00
     mol_0432_0001_medium.cube      1   3.50     272.22      51.59       0.00
     mol_0433_0001_medium.cube      1   3.50     407.11      51.80       0.00
     mol_0434_0001_medium.cube      1   3.50     396.31      35.69       0.00
     mol_0435_0001_medium.cube      1   3.50     338.78      43.89       0.00
     mol_0436_0001_medium.cube      1   3.50     219.80      28.37       0.00
     mol_0437_0001_medium.cube      1   3.50     323.05      54.64       0.00
     mol_0438_0001_medium.cube      1   3.50     244.83      56.26       0.00
     mol_0439_0001_medium.cube      1   3.50     418.14      36.06       0.00
     mol_0440_0001_medium.cube      1   3.50     359.52      36.10       0.00
     mol_0441_0001_medium.cube      1   3.50     408.83      41.07       0.00
     mol_0442_0001_medium.cube      1   3.50     241.59      40.07       0.00
     mol_0443_0001_medium.cube      1   3.50     278.84      37.30       0.00
     mol_0444_0001_medium.cube      1   3.50     318.17      48.85       0.00
     mol_0445_0001_medium.cube      1   3.50     320.34      43.80       0.00
     mol_0446_0001_medium.cube      1   3.50     468.06      40.33       0.00
     mol_0447_0001_medium.cube      1   3.50     293.60      44.59       0.00
     mol_0448_0001_medium.cube      1   3.50     309.50      45.94       0.00
     mol_0449_0001_medium.cube      1   3.50     292.73      38.97       0.00
     mol_0450_0001_medium.cube      1   3.50     400.65      48.64       0.00
     mol_0451_0001_medium.cube      1   3.50     342.63      45.88       0.00
     mol_0453_0001_medium.cube      1   3.50     326.71      46.86       0.00
     mol_0454_0001_medium.cube      1   3.50     409.14      48.07       0.00
     mol_0455_0001_medium.cube      1   3.50     274.00      36.11       0.00
     mol_0456_0001_medium.cube      1   3.50     307.25      50.89       0.00
     mol_0457_0001_medium.cube      1   3.50     332.94      44.37       0.00
     mol_0458_0001_medium.cube      1   3.50     418.32      38.38       0.00
     mol_0459_0001_medium.cube      1   3.50     414.61      48.89       0.00
     mol_0460_0001_medium.cube      1   3.50     325.72      40.74       0.00
     mol_0461_0001_medium.cube      1   3.50     297.61      35.44       0.00
     mol_0462_0001_medium.cube      1   3.50     276.21      50.37       0.00
     mol_0463_0001_medium.cube      1   3.50     399.49      36.02       0.00
     mol_0464_0001_medium.cube      1   3.50     459.32      35.98       0.00
     mol_0465_0001_medium.cube      1   3.50     262.76      43.21       0.00
     mol_0466_0001_medium.cube      1   3.50     391.99      39.44       0.00
     mol_0467_0001_medium.cube      1   3.50     322.68      49.68       0.00
     mol_0468_0001_medium.cube      1   3.50     288.80      50.74       0.00
     mol_0469_0001_medium.cube      1   3.50     308.64      42.64       0.00
     mol_0470_0001_medium.cube      1   3.50     318.13      45.81       0.00
     mol_0471_0001_medium.cube      1   3.50     443.18      47.34       0.00
     mol_0472_0001_medium.cube      1   3.50     263.81      40.04       0.00
     mol_0473_0001_medium.cube      1   3.50     334.95      36.11       0.00
     mol_0474_0001_medium.cube      1   3.50     375.28      49.60       0.00
     mol_0475_0001_medium.cube      1   3.50     311.09      42.00       0.00
     mol_0476_0001_medium.cube      1   3.50     351.20      39.28       0.00
     mol_0477_0001_medium.cube      1   3.50     493.02      63.21       0.00
     mol_0478_0001_medium.cube      1   3.50     368.32      43.44       0.00
     mol_0479_0001_medium.cube      1   3.50     435.55      36.12       0.00
     mol_0480_0001_medium.cube      1   3.50     419.69      45.32       0.00
     mol_0481_0001_medium.cube      1   3.50     324.82      34.70       0.00
     mol_0482_0001_medium.cube      1   3.50     358.83      50.11       0.00
     mol_0483_0001_medium.cube      1   3.50     315.57      42.87       0.00
     mol_0484_0001_medium.cube      1   3.50     349.56      34.85       0.00
     mol_0485_0001_medium.cube      1   3.50     404.07      53.79       0.00
     mol_0486_0001_medium.cube      1   3.50     290.25      43.65       0.00
     mol_0487_0001_medium.cube      1   3.50     411.27      37.52       0.00
     mol_0488_0001_medium.cube      1   3.50     391.80      55.77       0.00
     mol_0489_0001_medium.cube      1   3.50     360.19      43.91       0.00
     mol_0490_0001_medium.cube      1   3.50     415.31      46.02       0.00
     mol_0491_0001_medium.cube      1   3.50     463.04      38.53       0.00
     mol_0492_0001_medium.cube      1   3.50     345.54      36.40       0.00
     mol_0493_0001_medium.cube      1   3.50     294.07      41.25       0.00
     mol_0494_0001_medium.cube      1   3.50     338.11      49.10       0.00
     mol_0495_0001_medium.cube      1   3.50     231.97      39.01       0.00
     mol_0496_0001_medium.cube      1   3.50     303.05      35.86       0.00
     mol_0497_0001_medium.cube      1   3.50     283.65      39.99       0.00
     mol_0498_0001_medium.cube      1   3.50     362.37      51.93       0.00
     mol_0499_0001_medium.cube      1   3.50     313.93      42.09       0.00
   --------------------------------------------------------------------------
