
   ·▄▄▄▄  ▄▄▄▄· .▄▄ ·▄▄▄▄▄▄▄▄ . ▄▄▄·
   ██▊ ██ ▐█ ▀█▊▐█ ▀.•██  ▀▄.▀·▐█ ▄█
   ▐█· ▐█▌▐█▀▀█▄▄▀▀▀█▄▐█.▊▐▀▀▊▄ ██▀·
   ██. ██ ██▄▊▐█▐█▄▊▐█▐█▌·▐█▄▄▌▐█▊·•
   ▀▀▀▀▀• ·▀▀▀▀  ▀▀▀▀ ▀▀▀  ▀▀▀ .▀   

   Buried volume (Vbur) will be computed
   Using density isodensity surface with cutoff value of 0.0016 au
   Cartesian grid-spacing will be determined by cube file(s)

                      File   Atom    R/Å    Mol_Vol     %V_Bur     %S_Bur
   ----------------------------------------------------------------------
     mol_0002_0001_TZ.cube      1   3.50     292.23      46.07       0.00
     mol_0003_0001_TZ.cube      1   3.50     293.62      34.46       0.00
     mol_0004_0001_TZ.cube      1   3.50     343.55      36.73       0.00
     mol_0005_0001_TZ.cube      1   3.50     327.96      47.10       0.00
     mol_0006_0001_TZ.cube      1   3.50     342.70      35.04       0.00
     mol_0007_0001_TZ.cube      1   3.50     361.45      45.81       0.00
     mol_0008_0001_TZ.cube      1   3.50     281.78      36.59       0.00
     mol_0009_0001_TZ.cube      1   3.50     500.57      40.00       0.00
     mol_0010_0001_TZ.cube      1   3.50     341.11      38.55       0.00
     mol_0011_0001_TZ.cube      1   3.50     379.38      36.59       0.00
     mol_0012_0001_TZ.cube      1   3.50     320.22      46.31       0.00
     mol_0013_0001_TZ.cube      1   3.50     418.09      43.69       0.00
     mol_0014_0001_TZ.cube      1   3.50     380.30      43.04       0.00
     mol_0015_0001_TZ.cube      1   3.50     372.93      46.88       0.00
     mol_0016_0001_TZ.cube      1   3.50     351.55      38.74       0.00
     mol_0017_0001_TZ.cube      1   3.50     435.12      35.85       0.00
     mol_0018_0001_TZ.cube      1   3.50     354.22      34.88       0.00
     mol_0019_0001_TZ.cube      1   3.50     363.48      51.17       0.00
     mol_0020_0001_TZ.cube      1   3.50     380.46      45.28       0.00
     mol_0021_0001_TZ.cube      1   3.50     339.59      51.51       0.00
     mol_0022_0001_TZ.cube      1   3.50     396.50      45.29       0.00
     mol_0023_0001_TZ.cube      1   3.50     410.17      42.63       0.00
     mol_0024_0001_TZ.cube      1   3.50     239.63      41.95       0.00
     mol_0025_0001_TZ.cube      1   3.50     318.25      43.51       0.00
     mol_0026_0001_TZ.cube      1   3.50     337.00      51.79       0.00
     mol_0027_0001_TZ.cube      1   3.50     348.95      49.96       0.00
     mol_0028_0001_TZ.cube      1   3.50     226.69      39.44       0.00
     mol_0029_0001_TZ.cube      1   3.50     358.23      38.99       0.00
     mol_0030_0001_TZ.cube      1   3.50     501.12      36.04       0.00
     mol_0031_0001_TZ.cube      1   3.50     319.17      49.81       0.00
     mol_0032_0001_TZ.cube      1   3.50     346.21      46.73       0.00
     mol_0033_0001_TZ.cube      1   3.50     428.21      35.48       0.00
     mol_0034_0001_TZ.cube      1   3.50     476.77      44.84       0.00
     mol_0035_0001_TZ.cube      1   3.50     355.25      39.06       0.00
     mol_0036_0001_TZ.cube      1   3.50     343.24      47.97       0.00
     mol_0037_0001_TZ.cube      1   3.50     406.58      43.77       0.00
     mol_0038_0001_TZ.cube      1   3.50     364.99      47.80       0.00
     mol_0039_0001_TZ.cube      1   3.50     380.59      53.90       0.00
     mol_0040_0001_TZ.cube      1   3.50     225.96      31.63       0.00
     mol_0041_0001_TZ.cube      1   3.50     303.39      58.14       0.00
     mol_0042_0001_TZ.cube      1   3.50     326.60      49.53       0.00
     mol_0043_0001_TZ.cube      1   3.50     465.06      51.36       0.00
     mol_0044_0001_TZ.cube      1   3.50     381.66      44.29       0.00
     mol_0045_0001_TZ.cube      1   3.50     256.74      44.64       0.00
     mol_0046_0001_TZ.cube      1   3.50     365.93      50.43       0.00
     mol_0047_0001_TZ.cube      1   3.50     383.96      44.74       0.00
     mol_0048_0001_TZ.cube      1   3.50     300.17      48.04       0.00
     mol_0049_0001_TZ.cube      1   3.50     358.38      48.35       0.00
     mol_0050_0001_TZ.cube      1   3.50     387.42      45.24       0.00
     mol_0051_0001_TZ.cube      1   3.50     371.41      49.62       0.00
     mol_0052_0001_TZ.cube      1   3.50     368.91      38.84       0.00
     mol_0054_0001_TZ.cube      1   3.50     372.92      41.52       0.00
     mol_0055_0001_TZ.cube      1   3.50     375.81      41.46       0.00
     mol_0056_0001_TZ.cube      1   3.50     325.80      39.88       0.00
     mol_0057_0001_TZ.cube      1   3.50     245.76      36.57       0.00
     mol_0058_0001_TZ.cube      1   3.50     374.68      57.68       0.00
     mol_0059_0001_TZ.cube      1   3.50     369.57      35.90       0.00
     mol_0060_0001_TZ.cube      1   3.50     289.89      42.59       0.00
     mol_0061_0001_TZ.cube      1   3.50     249.80      49.78       0.00
     mol_0062_0001_TZ.cube      1   3.50     258.14      47.77       0.00
     mol_0063_0001_TZ.cube      1   3.50     361.31      54.07       0.00
     mol_0064_0001_TZ.cube      1   3.50     425.92      34.41       0.00
     mol_0065_0001_TZ.cube      1   3.50     436.82      44.86       0.00
     mol_0066_0001_TZ.cube      1   3.50     371.84      37.76       0.00
     mol_0067_0001_TZ.cube      1   3.50     477.85      37.81       0.00
     mol_0068_0001_TZ.cube      1   3.50     368.95      51.06       0.00
     mol_0069_0001_TZ.cube      1   3.50     397.13      40.29       0.00
     mol_0070_0001_TZ.cube      1   3.50     372.49      45.97       0.00
     mol_0071_0001_TZ.cube      1   3.50     394.96      56.12       0.00
     mol_0072_0001_TZ.cube      1   3.50     425.98      43.27       0.00
     mol_0073_0001_TZ.cube      1   3.50     342.81      56.13       0.00
     mol_0074_0001_TZ.cube      1   3.50     344.05      40.15       0.00
     mol_0075_0001_TZ.cube      1   3.50     361.54      46.46       0.00
     mol_0076_0001_TZ.cube      1   3.50     339.16      48.80       0.00
     mol_0077_0001_TZ.cube      1   3.50     385.47      41.64       0.00
     mol_0078_0001_TZ.cube      1   3.50     341.60      41.29       0.00
     mol_0079_0001_TZ.cube      1   3.50     353.40      44.09       0.00
     mol_0080_0001_TZ.cube      1   3.50     375.55      43.67       0.00
     mol_0081_0001_TZ.cube      1   3.50     429.64      52.67       0.00
     mol_0082_0001_TZ.cube      1   3.50     392.83      47.44       0.00
     mol_0083_0001_TZ.cube      1   3.50     354.96      41.70       0.00
     mol_0084_0001_TZ.cube      1   3.50     404.95      34.33       0.00
     mol_0085_0001_TZ.cube      1   3.50     384.37      45.76       0.00
     mol_0086_0001_TZ.cube      1   3.50     352.73      53.79       0.00
     mol_0088_0001_TZ.cube      1   3.50     278.90      47.27       0.00
     mol_0089_0001_TZ.cube      1   3.50     297.51      50.06       0.00
     mol_0090_0001_TZ.cube      1   3.50     390.40      42.80       0.00
     mol_0091_0001_TZ.cube      1   3.50     364.13      35.91       0.00
     mol_0092_0001_TZ.cube      1   3.50     363.53      42.69       0.00
     mol_0093_0001_TZ.cube      1   3.50     282.38      45.69       0.00
     mol_0094_0001_TZ.cube      1   3.50     383.91      37.57       0.00
     mol_0095_0001_TZ.cube      1   3.50     368.93      40.28       0.00
     mol_0096_0001_TZ.cube      1   3.50     358.02      38.85       0.00
     mol_0097_0001_TZ.cube      1   3.50     369.35      46.06       0.00
     mol_0098_0001_TZ.cube      1   3.50     353.93      32.58       0.00
     mol_0099_0001_TZ.cube      1   3.50     457.01      35.90       0.00
     mol_0100_0001_TZ.cube      1   3.50     377.90      40.05       0.00
     mol_0101_0001_TZ.cube      1   3.50     464.31      37.60       0.00
     mol_0102_0001_TZ.cube      1   3.50     339.62      42.36       0.00
     mol_0105_0001_TZ.cube      1   3.50     356.58      38.92       0.00
     mol_0106_0001_TZ.cube      1   3.50     323.84      41.41       0.00
     mol_0107_0001_TZ.cube      1   3.50     265.31      52.04       0.00
     mol_0108_0001_TZ.cube      1   3.50     461.60      38.58       0.00
     mol_0109_0001_TZ.cube      1   3.50     320.13      49.37       0.00
     mol_0110_0001_TZ.cube      1   3.50     446.09      35.94       0.00
     mol_0111_0001_TZ.cube      1   3.50     391.92      36.80       0.00
     mol_0112_0001_TZ.cube      1   3.50     435.67      52.86       0.00
     mol_0113_0001_TZ.cube      1   3.50     463.76      43.08       0.00
     mol_0114_0001_TZ.cube      1   3.50     501.95      42.18       0.00
     mol_0115_0001_TZ.cube      1   3.50     337.41      44.38       0.00
     mol_0116_0001_TZ.cube      1   3.50     372.67      43.41       0.00
     mol_0117_0001_TZ.cube      1   3.50     379.13      36.98       0.00
     mol_0118_0001_TZ.cube      1   3.50     339.09      41.28       0.00
     mol_0119_0001_TZ.cube      1   3.50     329.65      45.73       0.00
     mol_0120_0001_TZ.cube      1   3.50     385.11      58.77       0.00
     mol_0121_0001_TZ.cube      1   3.50     306.32      40.74       0.00
     mol_0122_0001_TZ.cube      1   3.50     200.30      37.34       0.00
     mol_0123_0001_TZ.cube      1   3.50     385.97      41.24       0.00
     mol_0124_0001_TZ.cube      1   3.50     241.23      38.56       0.00
     mol_0125_0001_TZ.cube      1   3.50     368.69      35.37       0.00
     mol_0126_0001_TZ.cube      1   3.50     401.60      54.55       0.00
     mol_0127_0001_TZ.cube      1   3.50     473.32      36.12       0.00
     mol_0128_0001_TZ.cube      1   3.50     386.37      48.35       0.00
     mol_0129_0001_TZ.cube      1   3.50     359.14      49.34       0.00
     mol_0130_0001_TZ.cube      1   3.50     424.49      59.94       0.00
     mol_0131_0001_TZ.cube      1   3.50     351.69      51.21       0.00
     mol_0132_0001_TZ.cube      1   3.50     447.50      43.05       0.00
     mol_0133_0001_TZ.cube      1   3.50     323.12      49.02       0.00
     mol_0134_0001_TZ.cube      1   3.50     394.98      47.66       0.00
     mol_0135_0001_TZ.cube      1   3.50     347.77      37.50       0.00
     mol_0136_0001_TZ.cube      1   3.50     239.97      40.55       0.00
     mol_0137_0001_TZ.cube      1   3.50     345.05      37.93       0.00
     mol_0138_0001_TZ.cube      1   3.50     237.02      51.50       0.00
     mol_0139_0001_TZ.cube      1   3.50     291.97      43.77       0.00
     mol_0140_0001_TZ.cube      1   3.50     270.87      38.33       0.00
     mol_0141_0001_TZ.cube      1   3.50     353.42      36.36       0.00
     mol_0142_0001_TZ.cube      1   3.50     358.64      44.23       0.00
     mol_0143_0001_TZ.cube      1   3.50     314.09      54.67       0.00
     mol_0144_0001_TZ.cube      1   3.50     349.61      41.40       0.00
     mol_0145_0001_TZ.cube      1   3.50     285.75      35.88       0.00
     mol_0146_0001_TZ.cube      1   3.50     350.78      38.62       0.00
     mol_0147_0001_TZ.cube      1   3.50     337.85      44.24       0.00
     mol_0148_0001_TZ.cube      1   3.50     368.39      47.50       0.00
     mol_0150_0001_TZ.cube      1   3.50     393.61      45.46       0.00
     mol_0151_0001_TZ.cube      1   3.50     291.63      49.83       0.00
     mol_0152_0001_TZ.cube      1   3.50     473.65      52.38       0.00
     mol_0154_0001_TZ.cube      1   3.50     350.18      37.42       0.00
     mol_0155_0001_TZ.cube      1   3.50     361.91      38.34       0.00
     mol_0156_0001_TZ.cube      1   3.50     348.79      36.96       0.00
     mol_0157_0001_TZ.cube      1   3.50     316.13      37.97       0.00
     mol_0158_0001_TZ.cube      1   3.50     361.23      39.09       0.00
     mol_0159_0001_TZ.cube      1   3.50     374.39      48.17       0.00
     mol_0160_0001_TZ.cube      1   3.50     272.57      42.43       0.00
     mol_0161_0001_TZ.cube      1   3.50     406.76      35.96       0.00
     mol_0162_0001_TZ.cube      1   3.50     445.64      45.41       0.00
     mol_0163_0001_TZ.cube      1   3.50     424.77      41.73       0.00
     mol_0164_0001_TZ.cube      1   3.50     398.11      51.94       0.00
     mol_0165_0001_TZ.cube      1   3.50     433.31      50.63       0.00
     mol_0166_0001_TZ.cube      1   3.50     337.19      35.44       0.00
     mol_0167_0001_TZ.cube      1   3.50     297.36      45.06       0.00
     mol_0168_0001_TZ.cube      1   3.50     339.02      51.16       0.00
     mol_0169_0001_TZ.cube      1   3.50     427.69      38.57       0.00
     mol_0170_0001_TZ.cube      1   3.50     361.84      49.72       0.00
     mol_0171_0001_TZ.cube      1   3.50     375.41      34.98       0.00
     mol_0172_0001_TZ.cube      1   3.50     328.59      37.47       0.00
     mol_0173_0001_TZ.cube      1   3.50     284.69      45.48       0.00
     mol_0175_0001_TZ.cube      1   3.50     366.60      44.62       0.00
     mol_0176_0001_TZ.cube      1   3.50     404.59      36.97       0.00
     mol_0177_0001_TZ.cube      1   3.50     321.78      42.60       0.00
     mol_0178_0001_TZ.cube      1   3.50     302.94      57.75       0.00
     mol_0179_0001_TZ.cube      1   3.50     271.96      48.80       0.00
     mol_0180_0001_TZ.cube      1   3.50     442.93      38.42       0.00
     mol_0181_0001_TZ.cube      1   3.50     390.48      36.56       0.00
     mol_0182_0001_TZ.cube      1   3.50     298.04      39.70       0.00
     mol_0183_0001_TZ.cube      1   3.50     274.90      44.08       0.00
     mol_0184_0001_TZ.cube      1   3.50     361.31      52.48       0.00
     mol_0185_0001_TZ.cube      1   3.50     299.99      38.26       0.00
     mol_0186_0001_TZ.cube      1   3.50     448.86      39.28       0.00
     mol_0187_0001_TZ.cube      1   3.50     447.51      35.85       0.00
     mol_0188_0001_TZ.cube      1   3.50     335.08      37.35       0.00
     mol_0189_0001_TZ.cube      1   3.50     382.30      30.59       0.00
     mol_0190_0001_TZ.cube      1   3.50     354.57      34.40       0.00
     mol_0191_0001_TZ.cube      1   3.50     415.44      44.59       0.00
     mol_0192_0001_TZ.cube      1   3.50     290.97      42.10       0.00
     mol_0193_0001_TZ.cube      1   3.50     399.47      40.65       0.00
     mol_0195_0001_TZ.cube      1   3.50     434.41      50.11       0.00
     mol_0196_0001_TZ.cube      1   3.50     336.21      45.86       0.00
     mol_0197_0001_TZ.cube      1   3.50     384.89      42.62       0.00
     mol_0198_0001_TZ.cube      1   3.50     273.41      47.42       0.00
     mol_0199_0001_TZ.cube      1   3.50     381.67      38.11       0.00
     mol_0200_0001_TZ.cube      1   3.50     297.33      30.94       0.00
     mol_0201_0001_TZ.cube      1   3.50     320.41      49.85       0.00
     mol_0202_0001_TZ.cube      1   3.50     365.12      53.34       0.00
     mol_0203_0001_TZ.cube      1   3.50     391.55      52.13       0.00
     mol_0204_0001_TZ.cube      1   3.50     381.13      48.59       0.00
     mol_0205_0001_TZ.cube      1   3.50     418.85      39.02       0.00
     mol_0206_0001_TZ.cube      1   3.50     461.67      58.52       0.00
     mol_0207_0001_TZ.cube      1   3.50     283.90      34.80       0.00
     mol_0208_0001_TZ.cube      1   3.50     331.14      41.10       0.00
     mol_0209_0001_TZ.cube      1   3.50     397.42      51.59       0.00
     mol_0210_0001_TZ.cube      1   3.50     385.36      37.71       0.00
     mol_0211_0001_TZ.cube      1   3.50     319.03      44.93       0.00
     mol_0212_0001_TZ.cube      1   3.50     335.34      38.34       0.00
     mol_0213_0001_TZ.cube      1   3.50     396.14      48.54       0.00
     mol_0214_0001_TZ.cube      1   3.50     386.49      37.75       0.00
     mol_0215_0001_TZ.cube      1   3.50     259.77      36.27       0.00
     mol_0216_0001_TZ.cube      1   3.50     403.15      45.60       0.00
     mol_0217_0001_TZ.cube      1   3.50     277.94      43.73       0.00
     mol_0218_0001_TZ.cube      1   3.50     373.91      39.15       0.00
     mol_0219_0001_TZ.cube      1   3.50     399.66      38.32       0.00
     mol_0220_0001_TZ.cube      1   3.50     337.54      57.64       0.00
     mol_0221_0001_TZ.cube      1   3.50     303.05      38.51       0.00
     mol_0222_0001_TZ.cube      1   3.50     437.51      41.64       0.00
     mol_0223_0001_TZ.cube      1   3.50     404.13      44.68       0.00
     mol_0224_0001_TZ.cube      1   3.50     358.31      42.34       0.00
     mol_0225_0001_TZ.cube      1   3.50     466.32      36.63       0.00
     mol_0226_0001_TZ.cube      1   3.50     398.56      47.03       0.00
     mol_0227_0001_TZ.cube      1   3.50     359.55      38.64       0.00
     mol_0228_0001_TZ.cube      1   3.50     386.43      41.95       0.00
     mol_0229_0001_TZ.cube      1   3.50     324.53      41.19       0.00
     mol_0230_0001_TZ.cube      1   3.50     310.08      42.53       0.00
     mol_0231_0001_TZ.cube      1   3.50     438.14      44.14       0.00
     mol_0232_0001_TZ.cube      1   3.50     447.88      27.82       0.00
     mol_0233_0001_TZ.cube      1   3.50     455.20      39.98       0.00
     mol_0234_0001_TZ.cube      1   3.50     285.45      36.98       0.00
     mol_0235_0001_TZ.cube      1   3.50     349.55      62.05       0.00
     mol_0236_0001_TZ.cube      1   3.50     372.00      48.57       0.00
     mol_0237_0001_TZ.cube      1   3.50     457.93      41.10       0.00
     mol_0238_0001_TZ.cube      1   3.50     334.61      38.09       0.00
     mol_0239_0001_TZ.cube      1   3.50     417.30      41.14       0.00
     mol_0240_0001_TZ.cube      1   3.50     306.38      41.31       0.00
     mol_0241_0001_TZ.cube      1   3.50     448.69      51.42       0.00
     mol_0242_0001_TZ.cube      1   3.50     357.95      43.91       0.00
     mol_0243_0001_TZ.cube      1   3.50     296.73      38.61       0.00
     mol_0244_0001_TZ.cube      1   3.50     382.70      38.15       0.00
     mol_0245_0001_TZ.cube      1   3.50     420.52      43.03       0.00
     mol_0246_0001_TZ.cube      1   3.50     332.97      43.66       0.00
     mol_0247_0001_TZ.cube      1   3.50     454.46      38.82       0.00
     mol_0248_0001_TZ.cube      1   3.50     237.23      43.36       0.00
     mol_0249_0001_TZ.cube      1   3.50     214.28      41.49       0.00
     mol_0250_0001_TZ.cube      1   3.50     376.07      43.34       0.00
     mol_0251_0001_TZ.cube      1   3.50     420.39      54.77       0.00
     mol_0252_0001_TZ.cube      1   3.50     352.75      42.66       0.00
     mol_0253_0001_TZ.cube      1   3.50     298.50      43.46       0.00
     mol_0254_0001_TZ.cube      1   3.50     489.70      35.99       0.00
     mol_0255_0001_TZ.cube      1   3.50     408.70      56.43       0.00
     mol_0256_0001_TZ.cube      1   3.50     336.27      36.46       0.00
     mol_0257_0001_TZ.cube      1   3.50     339.10      39.01       0.00
     mol_0258_0001_TZ.cube      1   3.50     399.43      52.74       0.00
     mol_0259_0001_TZ.cube      1   3.50     376.67      47.22       0.00
     mol_0260_0001_TZ.cube      1   3.50     296.26      45.09       0.00
     mol_0261_0001_TZ.cube      1   3.50     341.82      35.74       0.00
     mol_0262_0001_TZ.cube      1   3.50     366.66      36.89       0.00
     mol_0263_0001_TZ.cube      1   3.50     287.95      32.79       0.00
     mol_0264_0001_TZ.cube      1   3.50     413.44      39.02       0.00
     mol_0265_0001_TZ.cube      1   3.50     295.45      37.93       0.00
     mol_0266_0001_TZ.cube      1   3.50     340.22      43.04       0.00
     mol_0267_0001_TZ.cube      1   3.50     403.61      41.46       0.00
     mol_0268_0001_TZ.cube      1   3.50     273.27      35.65       0.00
     mol_0269_0001_TZ.cube      1   3.50     315.98      36.39       0.00
     mol_0270_0001_TZ.cube      1   3.50     312.96      26.31       0.00
     mol_0271_0001_TZ.cube      1   3.50     320.41      35.91       0.00
     mol_0272_0001_TZ.cube      1   3.50     317.85      37.29       0.00
     mol_0273_0001_TZ.cube      1   3.50     408.47      43.92       0.00
     mol_0275_0001_TZ.cube      1   3.50     264.47      51.32       0.00
     mol_0276_0001_TZ.cube      1   3.50     384.18      54.67       0.00
     mol_0277_0001_TZ.cube      1   3.50     470.33      37.50       0.00
     mol_0279_0001_TZ.cube      1   3.50     360.41      34.56       0.00
     mol_0280_0001_TZ.cube      1   3.50     265.79      34.20       0.00
     mol_0281_0001_TZ.cube      1   3.50     262.04      45.31       0.00
     mol_0282_0001_TZ.cube      1   3.50     387.68      52.23       0.00
     mol_0283_0001_TZ.cube      1   3.50     363.53      38.18       0.00
     mol_0284_0001_TZ.cube      1   3.50     302.96      38.94       0.00
     mol_0285_0001_TZ.cube      1   3.50     328.19      37.78       0.00
     mol_0286_0001_TZ.cube      1   3.50     331.77      52.88       0.00
     mol_0287_0001_TZ.cube      1   3.50     326.96      37.31       0.00
     mol_0288_0001_TZ.cube      1   3.50     460.35      46.94       0.00
     mol_0289_0001_TZ.cube      1   3.50     292.57      44.97       0.00
     mol_0290_0001_TZ.cube      1   3.50     322.13      42.82       0.00
     mol_0291_0001_TZ.cube      1   3.50     333.24      47.74       0.00
     mol_0292_0001_TZ.cube      1   3.50     431.93      48.94       0.00
     mol_0293_0001_TZ.cube      1   3.50     269.15      38.76       0.00
     mol_0294_0001_TZ.cube      1   3.50     213.35      40.16       0.00
     mol_0295_0001_TZ.cube      1   3.50     294.63      41.87       0.00
     mol_0296_0001_TZ.cube      1   3.50     284.77      39.38       0.00
     mol_0297_0001_TZ.cube      1   3.50     376.45      44.57       0.00
     mol_0298_0001_TZ.cube      1   3.50     253.09      43.23       0.00
     mol_0299_0001_TZ.cube      1   3.50     336.22      48.76       0.00
     mol_0300_0001_TZ.cube      1   3.50     352.16      51.56       0.00
     mol_0301_0001_TZ.cube      1   3.50     407.80      53.21       0.00
     mol_0302_0001_TZ.cube      1   3.50     445.35      38.88       0.00
     mol_0303_0001_TZ.cube      1   3.50     422.54      38.90       0.00
     mol_0304_0001_TZ.cube      1   3.50     414.05      34.88       0.00
     mol_0305_0001_TZ.cube      1   3.50     485.14      46.44       0.00
     mol_0306_0001_TZ.cube      1   3.50     372.10      40.30       0.00
     mol_0307_0001_TZ.cube      1   3.50     338.74      39.04       0.00
     mol_0308_0001_TZ.cube      1   3.50     349.32      43.44       0.00
     mol_0309_0001_TZ.cube      1   3.50     476.31      55.16       0.00
     mol_0310_0001_TZ.cube      1   3.50     406.83      35.81       0.00
     mol_0311_0001_TZ.cube      1   3.50     368.48      49.20       0.00
     mol_0312_0001_TZ.cube      1   3.50     401.89      28.08       0.00
     mol_0313_0001_TZ.cube      1   3.50     327.68      36.76       0.00
     mol_0314_0001_TZ.cube      1   3.50     308.97      42.83       0.00
     mol_0315_0001_TZ.cube      1   3.50     324.42      35.94       0.00
     mol_0316_0001_TZ.cube      1   3.50     371.58      44.71       0.00
     mol_0317_0001_TZ.cube      1   3.50     383.51      43.95       0.00
     mol_0318_0001_TZ.cube      1   3.50     420.53      37.71       0.00
     mol_0319_0001_TZ.cube      1   3.50     306.61      44.11       0.00
     mol_0320_0001_TZ.cube      1   3.50     297.20      52.18       0.00
     mol_0321_0001_TZ.cube      1   3.50     425.24      41.58       0.00
     mol_0322_0001_TZ.cube      1   3.50     375.44      59.34       0.00
     mol_0323_0001_TZ.cube      1   3.50     330.18      36.01       0.00
     mol_0324_0001_TZ.cube      1   3.50     372.81      36.10       0.00
     mol_0325_0001_TZ.cube      1   3.50     292.16      37.76       0.00
     mol_0326_0001_TZ.cube      1   3.50     388.99      48.46       0.00
     mol_0327_0001_TZ.cube      1   3.50     442.19      50.50       0.00
     mol_0328_0001_TZ.cube      1   3.50     290.09      34.65       0.00
     mol_0329_0001_TZ.cube      1   3.50     358.05      37.57       0.00
     mol_0330_0001_TZ.cube      1   3.50     425.31      45.07       0.00
     mol_0331_0001_TZ.cube      1   3.50     438.09      37.50       0.00
     mol_0332_0001_TZ.cube      1   3.50     240.91      48.76       0.00
     mol_0333_0001_TZ.cube      1   3.50     355.91      45.48       0.00
     mol_0334_0001_TZ.cube      1   3.50     269.72      49.66       0.00
     mol_0335_0001_TZ.cube      1   3.50     348.09      48.99       0.00
     mol_0336_0001_TZ.cube      1   3.50     470.76      35.84       0.00
     mol_0337_0001_TZ.cube      1   3.50     333.27      43.66       0.00
     mol_0338_0001_TZ.cube      1   3.50     368.97      43.66       0.00
     mol_0339_0001_TZ.cube      1   3.50     433.80      47.25       0.00
     mol_0340_0001_TZ.cube      1   3.50     300.54      42.24       0.00
     mol_0341_0001_TZ.cube      1   3.50     318.66      50.34       0.00
     mol_0342_0001_TZ.cube      1   3.50     371.26      36.52       0.00
     mol_0343_0001_TZ.cube      1   3.50     316.89      41.58       0.00
     mol_0344_0001_TZ.cube      1   3.50     337.52      47.52       0.00
     mol_0345_0001_TZ.cube      1   3.50     308.37      44.01       0.00
     mol_0346_0001_TZ.cube      1   3.50     443.14      40.27       0.00
     mol_0347_0001_TZ.cube      1   3.50     262.52      38.99       0.00
     mol_0348_0001_TZ.cube      1   3.50     422.92      43.99       0.00
     mol_0349_0001_TZ.cube      1   3.50     405.59      35.80       0.00
     mol_0350_0001_TZ.cube      1   3.50     335.97      47.66       0.00
     mol_0351_0001_TZ.cube      1   3.50     211.82      43.11       0.00
     mol_0352_0001_TZ.cube      1   3.50     394.85      36.33       0.00
     mol_0353_0001_TZ.cube      1   3.50     383.89      38.99       0.00
     mol_0354_0001_TZ.cube      1   3.50     501.64      45.59       0.00
     mol_0355_0001_TZ.cube      1   3.50     365.19      47.62       0.00
     mol_0356_0001_TZ.cube      1   3.50     350.86      38.88       0.00
     mol_0357_0001_TZ.cube      1   3.50     353.36      37.91       0.00
     mol_0358_0001_TZ.cube      1   3.50     366.85      37.67       0.00
     mol_0359_0001_TZ.cube      1   3.50     355.89      35.71       0.00
     mol_0360_0001_TZ.cube      1   3.50     416.81      43.22       0.00
     mol_0361_0001_TZ.cube      1   3.50     246.74      38.87       0.00
     mol_0362_0001_TZ.cube      1   3.50     437.52      35.80       0.00
     mol_0363_0001_TZ.cube      1   3.50     400.51      39.12       0.00
     mol_0364_0001_TZ.cube      1   3.50     421.42      43.48       0.00
     mol_0365_0001_TZ.cube      1   3.50     400.94      34.72       0.00
     mol_0366_0001_TZ.cube      1   3.50     406.04      39.95       0.00
     mol_0367_0001_TZ.cube      1   3.50     392.80      44.10       0.00
     mol_0368_0001_TZ.cube      1   3.50     386.72      55.87       0.00
     mol_0369_0001_TZ.cube      1   3.50     263.62      34.75       0.00
     mol_0370_0001_TZ.cube      1   3.50     316.95      41.48       0.00
     mol_0371_0001_TZ.cube      1   3.50     346.90      46.59       0.00
     mol_0372_0001_TZ.cube      1   3.50     365.65      47.24       0.00
     mol_0373_0001_TZ.cube      1   3.50     372.30      39.07       0.00
     mol_0374_0001_TZ.cube      1   3.50     361.37      55.38       0.00
     mol_0375_0001_TZ.cube      1   3.50     403.62      35.67       0.00
     mol_0377_0001_TZ.cube      1   3.50     383.69      48.03       0.00
     mol_0378_0001_TZ.cube      1   3.50     301.73      52.31       0.00
     mol_0379_0001_TZ.cube      1   3.50     274.43      47.10       0.00
     mol_0380_0001_TZ.cube      1   3.50     331.66      42.02       0.00
     mol_0381_0001_TZ.cube      1   3.50     362.52      38.89       0.00
     mol_0382_0001_TZ.cube      1   3.50     366.65      43.80       0.00
     mol_0383_0001_TZ.cube      1   3.50     265.81      30.65       0.00
     mol_0384_0001_TZ.cube      1   3.50     360.24      43.31       0.00
     mol_0385_0001_TZ.cube      1   3.50     351.34      42.92       0.00
     mol_0386_0001_TZ.cube      1   3.50     215.32      38.10       0.00
     mol_0387_0001_TZ.cube      1   3.50     389.71      38.95       0.00
     mol_0388_0001_TZ.cube      1   3.50     389.74      35.41       0.00
     mol_0389_0001_TZ.cube      1   3.50     366.26      43.80       0.00
     mol_0390_0001_TZ.cube      1   3.50     374.15      42.05       0.00
     mol_0391_0001_TZ.cube      1   3.50     318.28      49.49       0.00
     mol_0392_0001_TZ.cube      1   3.50     408.90      37.79       0.00
     mol_0393_0001_TZ.cube      1   3.50     339.49      45.02       0.00
     mol_0394_0001_TZ.cube      1   3.50     415.61      44.81       0.00
     mol_0395_0001_TZ.cube      1   3.50     436.81      44.04       0.00
     mol_0396_0001_TZ.cube      1   3.50     356.90      46.90       0.00
     mol_0397_0001_TZ.cube      1   3.50     392.74      35.38       0.00
     mol_0398_0001_TZ.cube      1   3.50     334.51      49.42       0.00
     mol_0399_0001_TZ.cube      1   3.50     362.69      36.10       0.00
     mol_0400_0001_TZ.cube      1   3.50     393.07      47.00       0.00
     mol_0401_0001_TZ.cube      1   3.50     327.95      36.03       0.00
     mol_0402_0001_TZ.cube      1   3.50     489.91      50.41       0.00
     mol_0403_0001_TZ.cube      1   3.50     389.74      36.13       0.00
     mol_0404_0001_TZ.cube      1   3.50     319.86      49.76       0.00
     mol_0405_0001_TZ.cube      1   3.50     315.05      46.88       0.00
     mol_0406_0001_TZ.cube      1   3.50     303.68      46.32       0.00
     mol_0407_0001_TZ.cube      1   3.50     326.53      41.38       0.00
     mol_0408_0001_TZ.cube      1   3.50     321.98      48.19       0.00
     mol_0409_0001_TZ.cube      1   3.50     312.42      38.70       0.00
     mol_0410_0001_TZ.cube      1   3.50     294.39      37.64       0.00
     mol_0411_0001_TZ.cube      1   3.50     388.66      40.64       0.00
     mol_0412_0001_TZ.cube      1   3.50     395.12      48.54       0.00
     mol_0413_0001_TZ.cube      1   3.50     383.62      38.68       0.00
     mol_0414_0001_TZ.cube      1   3.50     333.84      45.10       0.00
     mol_0415_0001_TZ.cube      1   3.50     328.11      47.03       0.00
     mol_0416_0001_TZ.cube      1   3.50     416.37      37.89       0.00
     mol_0417_0001_TZ.cube      1   3.50     315.90      39.10       0.00
     mol_0418_0001_TZ.cube      1   3.50     283.86      37.18       0.00
     mol_0419_0001_TZ.cube      1   3.50     429.22      46.76       0.00
     mol_0420_0001_TZ.cube      1   3.50     436.14      41.11       0.00
     mol_0421_0001_TZ.cube      1   3.50     218.07      43.74       0.00
     mol_0422_0001_TZ.cube      1   3.50     332.50      56.88       0.00
     mol_0423_0001_TZ.cube      1   3.50     359.69      46.80       0.00
     mol_0424_0001_TZ.cube      1   3.50     295.84      53.49       0.00
     mol_0425_0001_TZ.cube      1   3.50     370.40      27.99       0.00
     mol_0427_0001_TZ.cube      1   3.50     380.56      49.90       0.00
     mol_0428_0001_TZ.cube      1   3.50     375.35      54.30       0.00
     mol_0429_0001_TZ.cube      1   3.50     361.26      49.14       0.00
     mol_0430_0001_TZ.cube      1   3.50     367.57      36.97       0.00
     mol_0431_0001_TZ.cube      1   3.50     387.64      42.35       0.00
     mol_0432_0001_TZ.cube      1   3.50     272.25      51.62       0.00
     mol_0433_0001_TZ.cube      1   3.50     404.76      51.47       0.00
     mol_0434_0001_TZ.cube      1   3.50     394.24      35.46       0.00
     mol_0435_0001_TZ.cube      1   3.50     337.34      43.85       0.00
     mol_0436_0001_TZ.cube      1   3.50     217.50      27.89       0.00
     mol_0437_0001_TZ.cube      1   3.50     322.53      54.58       0.00
     mol_0438_0001_TZ.cube      1   3.50     243.19      55.88       0.00
     mol_0439_0001_TZ.cube      1   3.50     415.43      35.90       0.00
     mol_0440_0001_TZ.cube      1   3.50     356.68      35.94       0.00
     mol_0441_0001_TZ.cube      1   3.50     407.31      41.17       0.00
     mol_0442_0001_TZ.cube      1   3.50     241.51      40.03       0.00
     mol_0443_0001_TZ.cube      1   3.50     278.35      37.27       0.00
     mol_0444_0001_TZ.cube      1   3.50     316.93      48.74       0.00
     mol_0445_0001_TZ.cube      1   3.50     318.22      43.78       0.00
     mol_0446_0001_TZ.cube      1   3.50     464.29      40.13       0.00
     mol_0447_0001_TZ.cube      1   3.50     291.29      44.33       0.00
     mol_0448_0001_TZ.cube      1   3.50     307.57      45.66       0.00
     mol_0449_0001_TZ.cube      1   3.50     291.24      39.22       0.00
     mol_0450_0001_TZ.cube      1   3.50     398.70      48.59       0.00
     mol_0451_0001_TZ.cube      1   3.50     341.25      45.66       0.00
     mol_0453_0001_TZ.cube      1   3.50     324.48      46.89       0.00
     mol_0454_0001_TZ.cube      1   3.50     407.17      48.00       0.00
     mol_0455_0001_TZ.cube      1   3.50     271.77      35.79       0.00
     mol_0456_0001_TZ.cube      1   3.50     305.45      50.77       0.00
     mol_0457_0001_TZ.cube      1   3.50     330.30      44.07       0.00
     mol_0458_0001_TZ.cube      1   3.50     416.27      38.37       0.00
     mol_0459_0001_TZ.cube      1   3.50     413.79      48.56       0.00
     mol_0460_0001_TZ.cube      1   3.50     324.88      40.65       0.00
     mol_0461_0001_TZ.cube      1   3.50     297.05      35.35       0.00
     mol_0462_0001_TZ.cube      1   3.50     275.81      50.44       0.00
     mol_0463_0001_TZ.cube      1   3.50     397.90      35.87       0.00
     mol_0465_0001_TZ.cube      1   3.50     261.96      43.18       0.00
     mol_0466_0001_TZ.cube      1   3.50     389.28      39.09       0.00
     mol_0467_0001_TZ.cube      1   3.50     320.97      49.50       0.00
     mol_0468_0001_TZ.cube      1   3.50     287.99      50.82       0.00
     mol_0469_0001_TZ.cube      1   3.50     307.07      42.65       0.00
     mol_0470_0001_TZ.cube      1   3.50     316.20      45.76       0.00
     mol_0471_0001_TZ.cube      1   3.50     440.73      47.34       0.00
     mol_0472_0001_TZ.cube      1   3.50     263.53      40.00       0.00
     mol_0473_0001_TZ.cube      1   3.50     332.85      35.96       0.00
     mol_0474_0001_TZ.cube      1   3.50     374.11      49.65       0.00
     mol_0475_0001_TZ.cube      1   3.50     309.55      41.87       0.00
     mol_0476_0001_TZ.cube      1   3.50     349.26      39.14       0.00
     mol_0477_0001_TZ.cube      1   3.50     491.04      62.95       0.00
     mol_0478_0001_TZ.cube      1   3.50     366.44      43.06       0.00
     mol_0480_0001_TZ.cube      1   3.50     417.80      45.07       0.00
     mol_0481_0001_TZ.cube      1   3.50     322.97      34.57       0.00
     mol_0482_0001_TZ.cube      1   3.50     358.24      50.13       0.00
     mol_0483_0001_TZ.cube      1   3.50     315.56      42.84       0.00
     mol_0484_0001_TZ.cube      1   3.50     348.36      34.83       0.00
     mol_0485_0001_TZ.cube      1   3.50     402.42      53.66       0.00
     mol_0486_0001_TZ.cube      1   3.50     288.87      43.64       0.00
     mol_0487_0001_TZ.cube      1   3.50     409.61      37.51       0.00
     mol_0488_0001_TZ.cube      1   3.50     390.62      55.67       0.00
     mol_0489_0001_TZ.cube      1   3.50     357.87      43.58       0.00
     mol_0490_0001_TZ.cube      1   3.50     412.85      45.64       0.00
     mol_0491_0001_TZ.cube      1   3.50     460.33      38.52       0.00
     mol_0492_0001_TZ.cube      1   3.50     344.46      35.95       0.00
     mol_0493_0001_TZ.cube      1   3.50     292.34      41.17       0.00
     mol_0494_0001_TZ.cube      1   3.50     336.33      49.01       0.00
     mol_0495_0001_TZ.cube      1   3.50     230.68      38.86       0.00
     mol_0496_0001_TZ.cube      1   3.50     300.95      35.78       0.00
     mol_0497_0001_TZ.cube      1   3.50     281.82      39.85       0.00
     mol_0498_0001_TZ.cube      1   3.50     359.91      51.89       0.00
     mol_0499_0001_TZ.cube      1   3.50     311.45      41.96       0.00
   ----------------------------------------------------------------------
